6807
5249
73
3658
8930
1272
7544
878
7923
7709
4440
8165
4492
3042
7987
2503
2327
1729
8840
2612
4303
3169
7709
7157
9560
933
3099
278
1816
5335
9097
7826
3512
9267
3810
7633
979
9149
6579
8821
1967
672
1393
9336
5485
1745
5228
4091
194
6357
5001
1153
6708
7944
5668
1490
8124
2196
9530
903
7722
4666
8549
8024
7801
6853
977
7408
8228
4933
298
8981
8635
8013
3865
9814
9063
4536
9425
1669
4115
94
5629
6501
6517
4195
105
404
9451
4298
2188
1123
9505
6882
6752
1566
6716
337
4438
3144
1501
4897
3871
5828
1137
9358
3177
2397
2294
7904
1609
6231
9745
4175
3635
6298
8142
399
7968
412
260
3557
1594
8008
6395
5968
9113
4530
1006
962
7942
5365
2082
9852
767
3821
5695
4712
3671
9901
8590
4831
4738
3057
1616
9790
5640
679
7335
7006
7972
6098
9095
5319
3454
5223
2289
6760
8905
6126
6123
9506
5813
6770
5238
9094
6220
7844
2366
534
5226
5394
1363
8738
7844
9590
6550
5159
8623
4947
7385
7217
5272
5539
9247
2385
3496
4885
623
2420
8144
1968
5735
9915
1625
3534
6042
6011
4679
4152
5244
7295
8818
396
7692
1815
2991
33
2669
9397
9553
547
5825
1210
9662
211
3808
3377
2761
625
7335
1868
7995
2776
2767
7439
9874
9331
556
6301
8872
560
94
8984
3755
9789
1407
8015
193
2769
5680
3455
6855
7506
963
3502
6676
3108
3249
2331
7844
7638
808
9997
8651
4849
5203
5731
6531
8014
5419
6775
2009
180
7929
5223
4054
8260
6737
1545
7317
7525
4200
4256
1564
597
6648
7704
5550
5150
1976
1412
8554
2797
2504
8381
4748
7065
9378
7699
8209
5129
8553
5483
447
4607
773
5322
4305
5176
53
7224
4630
366
5400
444
5370
285
3016
3898
8155
1133
5557
6576
3178
8266
7357
1711
7878
614
4819
5737
3133
591
3720
8762
6633
6197
6031
8588
589
4873
8877
7304
9358
1200
7254
8960
4915
3947
5480
7730
9955
4546
7107
1238
0
4926
5035
4857
1113
114
9593
1360
8354
8418
5357
2585
3729
1015
6563
6102
917
6643
9419
2967
7747
5269
5395
3303
4473
9103
1748
4385
5658
3459
5406
3930
9824
5132
973
9603
6897
7920
3950
5231
8480
203
3900
4520
2533
1258
7003
8676
950
3934
8780
9879
1832
2574
3549
4542
6249
2771
6310
5879
983
9970
2040
2723
3650
2971
3229
318
7746
299
7230
5621
776
124
8244
6958
7696
6771
9064
1560
6598
8751
9940
4503
9551
2801
7205
5080
418
9274
9649
413
3320
9025
2012
1783
4788
4117
4008
1550
5324
9195
1257
4511
5690
8666
2410
593
553
9565
960
8742
1403
4352
7307
6141
4910
3200
2799
3127
171
7787
4414
1625
6641
9517
5348
1842
4315
5974
1445
1373
2220
9911
9239
5054
1305
6929
2253
4189
5166
4356
9304
9860
5898
5592
1720
6116
1580
8867
9352
6939
8698
4901
811
6616
6891
8671
1728
6671
1661
7045
3120
240
7158
9453
9627
5350
3711
5563
9594
7533
1727
7827
8795
9531
7442
1516
5006
8515
6924
2601
7097
8661
7103
4324
108
4936
2281
7015
3710
3216
1905
5973
7781
2720
791
1169
7865
5827
9536
6728
7125
384
167
9949
476
6046
1576
8666
7467
520
7384
1991
5210
3258
8211
8744
9518
5718
1934
6825
767
8689
9818
3014
1825
2918
8028
3029
8034
6727
1240
3754
6540
8396
935
3083
8048
6865
7011
5252
3064
7876
7237
2675
245
2710
415
8192
4710
4747
3037
1299
8447
9715
1693
9579
7129
5164
3979
3501
5525
289
4958
4033
1800
5089
7670
5217
846
1038
9543
338
5936
3321
7719
6496
1247
3788
8359
5987
5035
5235
3912
5684
5989
3784
3734
2667
519
2615
7045
5976
6661
5825
2819
1631
2903
2698
6798
2639
4004
9503
679
8765
7391
4107
4924
4365
7121
4454
7106
7450
1703
832
1032
2141
1654
1977
2217
3900
7289
3465
4747
3622
9879
9317
1516
4048
2762
1029
9039
2708
5903
2657
761
5752
1466
8621
4557
6996
6955
6930
1494
5555
2221
9312
2293
1427
2232
7444
4791
2198
9152
4856
3570
4303
7439
2914
5799
6766
1835
1921
6043
2752
4086
9719
9150
8410
8623
4669
9605
9943
7311
2431
7992
9816
8699
6971
639
1370
5836
9891
2857
4833
3328
8177
4410
7683
5176
3489
2091
434
4711
6904
1026
4891
790
522
9364
6890
4884
6813
1441
7127
6179
5784
4537
9870
7561
2581
4165
5802
7732
7332
7854
9759
9847
2377
462
9010
3819
8150
3377
941
3836
6720
2299
6112
4759
9956
4390
6152
48
5014
9044
4918
150
101
1295
9821
5731
4501
8245
4961
6057
3510
3928
805
2173
2137
9669
9096
4503
7421
8675
8518
4300
6489
262
2054
8263
8643
4889
5250
6735
9415
1364
2494
963
7758
5652
5092
7316
6714
1420
8060
7450
3368
8741
1847
9196
4787
2501
8234
3128
571
7448
7875
7253
1871
9329
2293
3719
3471
8820
5764
1079
2630
4410
8080
6113
3342
8138
8382
6044
8828
8393
3575
980
9000
5596
5947
7370
6087
6543
2733
2852
261
6824
4400
2380
778
1857
3423
9498
7014
2845
1662
8509
6610
6849
9218
9290
5055
5743
8555
6385
6534
6275
7321
1151
1226
5251
4459
2783
6714
6437
7879
7698
4100
3137
4285
5878
8284
342
4915
5960
3067
5140
707
3566
728
562
6363
1969
2890
2623
2278
7313
5761
7010
4840
6978
6000
7394
4507
7656
6551
1786
3431
4544
739
8776
7584
4252
4108
5514
1454
5019
3028
6671
2370
6663
7947
4024
4543
6854
6008
4981
552
6288
8163
8359
1019
5379
5356
9461
8487
8353
3899
5788
4244
9880
2466
8283
5274
236
8909
8567
1834
7939
9684
9651
9549
9266
7467
110
9589
6327
7773
5581
9295
7936
7874
5435
8231
6972
3028
9798
9070
4587
6297
9089
2646
9090
8111
6612
7463
2112
3781
1951
9230
3321
3213
5128
1950
8600
8959
9754
9992
5194
3330
8632
3559
8777
7779
8632
3272
6383
9081
7153
2622
8521
7956
9818
5591
6900
196
4120
2704
3599
7129
7144
9175
870
8416
4599
7080
4618
4288
9452
8128
2800
7662
4840
9149
6385
6583
4515
659
4878
5959
8561
8382
8048
4054
9440
1381
8770
2028
251
7544
5869
7595
2469
2710
8172
5923
2125
6219
8850
1431
1243
7846
5869
6670
1394
4610
6392
1064
9524
9361
9519
3620
1562
1661
3725
9434
5949
2090
7322
6260
93
9928
5122
6381
6366
6468
1023
2722
6639
3517
8793
9364
9178
1956
6771
8341
1355
836
8489
9728
7120
4902
312
9616
3347
3946
2851
2672
5811
6523
1736
2605
9607
633
7866
1553
1412
7925
4040
9153
4257
1733
8295
8139
2251
1258
2694
4160
1138
9929
9875
4598
4292
5633
4562
3276
3236
646
3873
9464
7484
2192
4119
3842
9328
8859
262
4145
5716
7127
2172
8748
4000
4370
1398
1292
9545
8928
2300
2143
2192
3563
4783
4272
9801
4009
6221
4486
4513
5769
2531
5357
5819
9486
6856
9816
4254
9754
9814
2615
6537
2966
7297
8877
5760
7412
191
8231
4174
2463
4877
324
4784
7833
6750
9527
4999
7429
9609
2144
5364
2451
2812
1979
4134
2407
3583
7600
4259
8310
753
5891
9321
3225
5253
3929
6096
553
661
4858
7491
2963
2920
768
1687
6526
5472
5219
5641
8204
2951
8092
8445
1370
9474
1962
6176
5317
5826
8413
3344
2571
5979
1035
8129
7288
9848
978
5617
7723
7838
9508
8929
4926
9968
1806
5199
2255
9829
3276
3488
7896
2819
1864
1137
2416
318
4491
683
8398
1120
9748
9961
5651
1018
5977
9946
8661
1478
2228
5063
5235
1506
1308
8968
5679
4119
7323
9677
9392
8953
6978
1853
9295
8271
8475
204
6962
8032
8819
3531
4035
9468
2468
2610
234
7270
6778
6265
9045
3279
9075
5327
2687
5363
9037
5766
4534
3083
8675
6184
9555
4156
7399
3664
2093
7886
633
4924
8047
194
1330
6767
5665
6910
1682
6805
6314
9652
6241
3585
7591
7806
4760
7960
912
403
3430
1085
4200
8585
4467
484
3988
5200
5686
100
5495
8199
1102
4428
7183
3917
7136
7802
4489
6578
9725
789
6722
595
605
2319
8691
721
7774
8514
9862
5706
1283
4626
6419
3801
4330
7644
2375
3258
1462
3131
6736
720
8308
1024
6947
508
8411
9397
6000
8314
1896
3999
5645
2533
4962
539
3754
8821
4286
6536
10
4662
8173
4493
6635
4988
4571
6838
4821
4891
8413
560
9957
4092
8743
9775
2768
413
415
6636
9891
3347
4369
4832
4134
8928
5143
879
906
9054
5807
2537
5203
4421
7447
1034
1949
9416
7759
1938
8550
5183
2186
1096
9685
524
7922
363
9181
3012
3251
2202
5495
1536
3454
2208
6980
8031
830
2095
6714
3112
2136
9937
2009
5685
2919
4381
9610
9908
1609
9439
2867
6119
1266
4999
4520
4515
2577
9922
7142
3980
5881
6885
30
6325
2436
6994
3945
2602
3233
8480
3456
2834
6517
8881
8781
3458
2805
4992
4160
8651
6201
8542
3944
9635
7555
1872
7443
7322
7013
8441
4781
5779
9518
7160
1729
4955
9082
9364
3032
9313
9195
4328
2504
9855
7711
3881
1610
9904
2551
7616
6761
8864
5405
2122
5113
4943
8636
5118
2994
2188
3743
7639
4502
343
5070
6219
8212
3317
9932
7782
4097
7859
7073
5590
4819
4010
911
3015
4978
8542
6045
8270
562
3008
3983
1099
709
8213
8550
2951
4665
3502
1617
4953
5299
7916
7584
1869
7442
3503
1515
4329
7257
3382
264
9352
5154
2526
6027
8755
9259
2952
7386
7422
9129
3786
5549
1879
9198
8890
8603
4686
2443
8827
3585
198
8587
817
4031
3476
7461
1563
214
6383
6832
9722
5511
2791
2871
6142
4733
1553
8030
2380
8704
4915
8887
7110
6681
1558
8786
1433
4040
2659
1936
7562
6938
9754
4526
3526
9712
7595
8621
1177
341
9158
3054
6020
7197
4727
2451
9462
332
2937
804
6057
4405
907
9943
4258
6539
7343
3697
2281
2965
1457
5605
117
8412
5624
184
1459
299
2216
4740
6851
7846
2922
6893
8615
8049
1361
3649
7231
7796
6123
696
7444
5250
6238
2431
9359
5935
1265
7801
8387
2437
3948
5120
5424
3894
2775
7903
4989
6286
845
4143
7257
6332
3261
5578
7104
4202
7031
8220
4686
8630
8643
2367
5648
3844
7317
9749
125
1273
7863
5416
6680
5348
979
957
6814
2705
2189
3307
4905
4527
3614
3715
9308
8897
9449
7495
6029
9026
7866
4398
8985
6662
7518
8853
579
6203
3383
723
559
3221
1174
9034
2675
702
9436
3279
2915
4750
3013
8850
2492
2948
4083
2981
5847
3208
2706
178
2306
8267
4114
3910
4470
7358
8617
4946
2304
7656
9663
3637
9898
1734
8656
8508
3012
9113
6280
6724
9104
4613
2073
9962
2979
4377
8269
1147
5631
9753
5633
8739
2520
1194
7597
9424
6871
4958
3320
8948
8018
7401
517
6392
2613
3580
1356
7940
8594
3868
5670
2463
1649
5134
6425
9871
1891
5650
1217
10
2654
6525
3901
5494
6392
8034
4970
2546
6187
6121
1565
3589
2971
4865
1160
2110
775
8109
9694
3323
1534
8474
4414
5494
423
6875
3077
1357
5627
5222
5574
172
8839
4039
8183
4417
530
3890
2606
4896
2012
5895
1938
7516
5321
9684
9227
5578
4460
1972
3487
3635
1581
526
9194
2030
1295
9258
3419
2212
3443
2312
8706
6628
6593
3926
1226
2726
2733
2981
5296
9392
8061
9009
1377
6124
522
4240
1052
7815
5180
1292
7151
6052
4973
4677
417
7626
2465
6261
2739
849
5007
7719
2430
376
7825
3581
8327
8659
3497
1193
8225
4829
8822
1348
2553
879
9468
6227
7424
6431
4277
6406
500
1272
1601
3930
698
9077
4549
7294
7127
3652
59
9577
4670
8151
7224
7084
5020
5015
5219
4177
8695
6895
5664
5600
5118
5117
3723
1617
3754
9568
8587
4575
4913
8122
4157
716
582
142
962
8008
8440
7305
1170
7406
5201
8719
1620
2962
317
7135
1752
894
3235
4610
831
4363
1851
3847
5451
1110
5549
9447
6234
1748
9223
8088
6771
932
8959
7256
5345
4702
9723
2889
1819
7494
4886
7107
7392
2500
4946
5401
9365
2744
2756
4474
7917
5775
3695
2866
6864
6491
791
9940
3756
4059
9897
8097
5309
5563
6022
9085
6899
3519
1720
7392
148
4053
5776
2876
6833
3797
5193
2903
8008
4374
6766
6303
6630
7581
9186
3725
7669
6425
5158
3185
2399
5421
3114
260
5056
4872
53
3853
5775
4581
9555
6162
5048
2745
9452
470
1631
8400
2263
9547
8919
7370
8201
3959
8582
1579
8996
6029
3501
7656
930
5581
6420
6362
2151
4045
3170
8454
5157
5093
8015
9808
3861
3966
1173
1878
3086
7030
3052
8026
4379
9710
3432
1951
5772
3301
187
8879
5608
7537
7036
6202
8478
7123
4088
2574
4509
3596
5123
8762
8123
7846
3879
4155
1674
8722
1431
8657
4971
6579
6194
527
4656
6036
8216
8347
6813
6584
257
5860
1557
2600
1236
1513
7533
6475
8910
6162
3266
3806
5108
7507
2173
7537
7896
55
3224
4466
5408
6833
9561
557
3571
6576
6114
5914
1289
5735
1859
2638
8694
8460
2927
8343
842
8455
2121
5711
3580
1612
8809
5690
5483
1545
8438
2434
938
2764
6481
2840
4550
118
1175
3598
8274
687
8842
5588
9820
7782
9805
4734
9220
8046
7903
4620
8850
6975
5362
2342
7070
2438
9142
8115
4735
7177
8734
2267
9874
7580
7390
696
3006
5881
6043
2272
1355
3638
1975
620
7375
1986
8197
9305
537
2595
4783
5495
176
8883
5082
9827
9151
2599
5305
8951
6377
4006
3790
9595
8396
3661
8231
2725
606
4379
470
4024
1357
9122
4053
1473
5280
4503
5083
5934
2582
9857
9563
8041
4637
7829
4687
2786
9951
6094
1622
9630
9630
3154
1506
3219
4717
6483
9139
5913
1692
639
6144
68
8083
6429
1865
9805
3387
940
2287
9197
6679
9568
363
8900
7999
1447
1501
4488
7205
320
6244
3572
3076
7430
9319
8969
2988
1629
6152
1132
4558
8607
1681
4562
3216
4409
9245
7548
3685
3708
813
2867
8105
9614
9654
6335
8470
6163
3979
6958
39
4059
9945
8523
3748
2744
5177
6737
7491
9042
498
9777
2004
4382
5556
175
3133
3210
1292
670
4270
2953
5353
9328
128
5873
1082
3771
9300
6405
3455
7621
5384
8934
5847
8328
2488
8785
4308
6158
2774
2923
8261
3872
3924
3335
6389
2856
3344
4998
7747
7895
3967
7383
4576
5943
836
537
2146
4362
9757
9942
9596
2903
8381
5281
9294
3788
3804
1655
687
1983
2217
5565
5293
6256
9938
1851
9487
4190
2680
3832
3526
6429
8707
3414
7617
9925
2638
7526
9545
1357
6125
2307
3879
3551
1641
1959
3981
4465
6325
2494
3893
3064
4563
5429
5501
6872
6940
8053
4329
2232
2280
9359
5474
40
8776
5589
7704
18
4968
7486
1266
662
6374
7698
9821
8027
4415
4227
9841
8409
158
935
3765
4761
7761
2832
272
1219
6194
8803
5254
8131
516
2304
7683
7474
5113
2411
5544
5708
1759
3805
4672
3792
1172
215
5229
3513
7143
1480
6509
8305
9184
5049
9511
1209
8383
848
5785
4307
760
1580
2989
2063
9733
8566
8585
200
7585
4442
1174
1391
8663
4893
3303
8198
363
7761
3991
177
1089
797
9829
3712
569
5860
6531
1465
6711
7513
8096
50
804
1123
888
3722
3820
5816
8365
8377
3372
2612
380
4076
7900
7041
2618
4475
1919
5943
763
2781
2058
3582
5467
6152
2551
6461
5895
1617
2429
9627
6991
2286
5460
3456
4992
9001
3239
6411
384
1970
3513
2670
8308
3985
6120
9357
7245
7297
879
8199
9702
9783
6167
8419
5969
137
9829
7799
4618
7218
8805
815
3837
8315
7129
3024
9915
9966
7472
4496
160
9778
4279
371
5324
5445
780
5577
6558
3954
2115
4608
9621
4608
1945
1852
6095
4211
9010
160
3282
910
8282
2110
2301
9860
9635
8020
2684
6006
6605
2708
5777
624
49
6993
6544
9416
1624
7081
7061
1985
5638
4203
7507
6022
7013
5295
4851
4183
5698
7857
7800
356
1089
1801
4499
8010
6674
8295
1528
9691
4647
2581
3293
2520
6168
2415
7476
8524
3053
4764
2487
5795
8519
2693
4806
9505
2231
5378
1349
1230
4209
3387
4632
974
2984
7270
4553
2911
9388
3164
9938
4688
607
2662
1158
2816
9175
8977
9492
5377
2029
2290
9860
3751
4027
6521
1439
5740
3364
5777
9136
1005
3011
1684
655
2975
3159
1539
2649
3899
2172
1974
1990
5466
6742
6222
3021
3460
9834
9447
1293
417
4101
365
8248
774
2332
4388
8765
9258
9002
5310
719
6310
2437
3992
736
848
4008
9750
933
319
37
2632
9694
5593
6010
2811
5905
3458
3207
8553
5574
4664
1907
3802
814
4869
5439
9514
1087
8595
4448
4067
7313
1867
6560
2253
7670
8883
4956
6368
226
3400
5322
5437
5199
5571
9896
9417
9341
4158
435
8888
2471
7873
107
1920
6292
4193
4552
4189
3013
4828
7603
6198
417
3550
1988
6546
1043
1365
9688
6811
1766
6443
7638
2004
1167
757
8122
3046
9331
6703
4120
4027
1464
6951
8205
8729
7842
8416
2188
7150
6685
9302
673
8045
3397
115
1252
4388
386
5528
9717
6622
723
8326
3196
9661
7079
7884
842
6890
9597
628
2311
6343
5544
7452
3925
7238
8072
8387
5457
1515
4327
9761
782
2977
3144
9228
1813
8535
3901
5239
8723
323
8964
991
1458
7959
5343
3748
5527
5452
5133
4008
5541
8121
9899
8469
6730
5381
3576
3213
9507
7154
4398
5469
2415
2680
3647
827
5475
5788
3186
7864
2247
9706
4038
2627
702
9331
4079
757
1146
4727
2440
2738
4441
4842
8502
5465
5369
8011
3908
3502
1843
5373
7080
9836
3002
6564
5970
1401
5587
4040
9108
5955
205
6787
4414
8401
9665
9999
2159
457
1390
1043
6882
5482
2903
6239
7184
4261
8604
4432
5027
5784
6524
4856
7414
4707
4948
9608
3904
4987
6835
6732
1136
1757
8525
6564
3954
4328
2233
3623
2230
3244
7370
5132
1304
285
4679
6164
7655
7126
2679
1410
6720
590
3501
9224
1349
7967
8802
710
3504
6763
7160
3964
1928
9927
101
1600
8382
6544
4985
69
4823
4855
6768
1678
8927
2869
8274
9421
9237
2557
7320
9789
4812
242
6683
5802
7541
3152
5067
2987
6288
5107
5033
8832
7281
3503
3232
3427
5750
3985
4970
19
5023
1865
8574
4217
3818
9793
8200
8534
6791
3357
119
545
1793
6612
3079
969
7518
5830
2498
3549
3657
7190
6768
808
9426
4872
6652
117
4993
5611
7441
3731
707
5268
763
6801
1922
737
9258
6978
5046
1194
8163
3583
1910
7084
8773
3787
5232
8769
1307
3762
4484
6148
4135
4630
1698
8594
5626
7050
6134
9815
5068
4591
2599
371
1569
7601
7396
410
2873
3592
3011
1128
900
1512
2379
6539
7069
2851
8414
3864
6884
9611
4644
4991
9127
4441
1399
7397
2495
6
1291
8911
9538
7882
9453
8318
5123
7003
5980
7808
6873
9937
4180
9899
4293
8249
143
1818
1946
5075
5775
8281
8776
330
8335
2128
7448
6197
8162
3661
7247
4337
814
5195
6630
8807
7856
3325
8343
9666
15
2850
1142
3075
523
5865
12
29
3380
2973
4157
2556
9223
1353
6
952
1376
1362
3938
6211
7266
4294
4309
9682
7396
6009
9296
3644
6735
8765
3658
7003
3903
9404
1846
2955
5950
6175
3627
5963
152
3711
9784
7987
4116
5277
5251
7290
683
5220
1999
4790
242
2311
6836
5262
7660
1269
4714
2278
1066
2957
9899
8850
2019
5298
6643
5968
8176
6501
6046
5488
7720
2481
9249
5711
8347
4844
8476
6796
6078
8256
8236
5662
5639
4639
6479
487
8266
3100
1606
2091
356
4898
3346
6870
1633
9001
3590
4384
8058
1127
4594
5986
8097
7089
1235
3727
2968
6500
1464
3540
9788
210
1883
3223
7831
1623
9156
8714
5812
4169
5752
162
4881
7935
8235
1671
6424
3070
2866
7593
1128
5626
2333
2199
1303
6126
6688
4241
2489
8419
2681
4415
1923
7798
6452
268
2961
4889
6501
9183
8993
7420
9613
1042
26
7250
2956
6432
2306
9892
8964
902
7906
2090
4719
4302
8134
8275
5992
3432
9594
2769
9043
7947
6427
6795
6964
4793
9166
2094
4484
8558
3321
4666
6870
6742
5592
3154
1129
8545
4547
9272
9780
8796
1697
246
3540
106
4400
7643
3781
9414
1775
4217
9302
3892
7011
6868
4275
6137
7798
7432
8737
5766
3586
5692
504
2960
9459
9615
6395
6385
9281
3063
6268
2564
9078
8425
504
1115
8526
1586
7740
5723
2908
1550
3059
5420
5097
4079
3018
8317
9157
2030
721
4051
1071
9528
6022
1599
8952
3256
2749
7076
5704
3648
6687
633
2014
8657
1059
4210
2276
5800
16
170
6072
555
5442
4786
7914
3586
129
8283
3587
1587
5731
7659
7585
2199
5719
4571
9269
703
5653
9596
441
5298
8148
8237
4226
5021
7928
1994
2563
4327
8747
4198
2931
1190
4890
1330
5723
1617
5129
5307
7183
9539
3374
8433
9146
9489
7131
2871
155
9036
9479
7146
3084
8876
5874
6384
6385
5887
545
9249
2900
1986
4308
7413
912
3527
2950
5642
2185
6971
1349
854
9968
4260
4596
4759
673
3298
1685
9948
5619
1167
8104
3133
2429
9790
6094
1966
8031
6411
6269
3758
3399
4757
4745
3423
6655
1775
5220
9676
4975
5085
3768
4592
3567
7824
4144
1786
9190
1113
9325
1238
2743
6703
312
3611
2896
5872
5063
5896
827
2365
703
219
9243
7871
5600
7249
1529
4738
5797
1965
916
443
5779
6947
9648
7177
7148
6580
4560
3138
7992
3761
1517
9076
2588
5542
6145
5104
1779
4469
2675
5465
5753
715
540
3169
27
701
3156
9510
7585
1693
6706
4593
6472
9815
8299
1505
446
6953
3037
3149
1822
7120
6454
6822
3846
5459
8196
7128
5752
1216
7657
4876
2299
3193
903
2536
4263
435
4515
7119
5621
4493
152
5344
2515
2876
2623
1980
5009
6937
2923
1885
742
4441
2757
4802
8698
4243
4162
9385
9334
1992
7123
4679
9083
1894
7386
9552
2193
2277
3609
9454
1067
568
9598
7150
1052
6854
7432
9508
9401
6190
141
2344
2194
6287
5174
331
4937
1582
6296
881
8272
3182
7433
7256
5236
5530
9415
70
1311
5333
546
3445
9520
4597
826
7912
14
3833
5501
7177
1983
3535
9945
366
3870
9269
547
7584
4781
7332
3641
9281
7501
7247
6223
6815
8861
6661
2232
1026
740
1562
3964
3759
9577
4435
2055
3823
8926
2059
2923
5865
8939
9646
3667
4721
2083
1951
1673
3043
2586
9599
8417
3861
1793
7155
8614
294
2916
8673
5207
1201
3380
8058
9804
4091
8844
7381
9963
3198
4592
1490
5720
7954
2429
9740
9181
9960
7555
6182
7979
6965
6495
415
3250
4888
6789
2425
8457
4186
6382
4045
8714
1693
1642
1081
1312
3996
3966
4366
7790
4061
9489
9659
7635
1219
8336
1992
3323
2781
8602
8805
3627
6618
6105
1663
8092
4138
1549
3933
7108
4736
3231
6496
7028
2709
8544
2217
9936
5436
7309
8539
1290
6814
4004
868
8056
3284
2017
8275
665
5912
9610
9459
1188
7348
2633
6832
2734
9906
650
1210
4707
4775
2420
4308
7721
9507
7199
7957
461
4207
5190
7710
600
7136
9578
7238
8893
6115
6915
6572
7647
5343
2751
8339
7995
6626
1614
5685
6419
7080
3098
8856
6209
1489
7645
165
1076
2151
2441
3973
6815
6744
5746
3003
5283
6540
133
5253
5886
2852
3812
6668
282
3387
7568
562
5704
9596
4812
6964
8809
5045
16
1709
2261
578
2361
3031
512
5011
8056
1960
4999
9197
8342
4506
3523
1544
3907
7284
2787
580
57
378
940
809
6262
8066
8121
5936
8807
926
4437
3136
6106
5952
6330
1967
6600
1036
3616
3515
4446
6599
1677
5312
480
5636
3124
8910
587
4254
4935
2023
9431
1173
9777
6757
3894
1216
2665
8471
4012
6476
5325
4507
4209
6075
1450
8792
5606
8563
1188
4029
2200
6736
2003
3315
4031
7275
9197
108
1696
9509
1716
677
6675
9024
4557
519
5092
5544
2657
9115
4972
2254
7225
8167
7137
7748
3796
4870
3536
1413
642
8041
9678
2603
981
8362
219
2808
6711
3776
6182
2367
2423
3668
1120
951
4420
749
6662
7624
4291
6865
5771
6029
8869
4073
2383
4127
4568
988
8011
7230
3624
7957
4639
5259
660
3179
6624
477
3686
6601
5865
8032
5747
362
2291
7179
2991
7000
6687
8431
8623
2718
6035
310
7224
4219
2557
7292
8264
3376
7905
7336
3431
4366
8492
6726
5920
1677
7404
985
1307
5505
412
1806
1571
1218
7894
9781
4069
3233
5071
3381
8586
6062
4800
7619
6141
4479
9109
185
379
9582
1980
7656
9019
3494
3486
2959
1122
5463
1383
2330
5728
450
3599
65
597
9839
3683
3613
3553
8692
6824
8153
5713
1495
5011
9720
2569
7843
7568
3467
6151
3510
5315
1264
7391
9249
3540
2887
8023
2044
2538
1121
2067
7352
2752
9812
5456
3062
551
9184
6300
7616
8027
2717
9220
8208
3110
4861
4090
6863
4090
4658
6504
8932
2742
7173
7810
9811
257
8653
3014
1872
8900
7407
8021
5338
8760
3481
8034
7537
4882
6641
9510
633
637
1504
7109
6391
1449
9160
7071
8536
7959
3949
5475
8725
387
4828
1880
8007
955
2772
3007
5623
997
3062
3712
1014
4238
7596
9419
1347
7863
8174
558
1269
5132
6012
67
1179
722
4366
7448
4254
1263
5884
2647
1779
4600
3137
823
9620
4611
6955
5138
3645
219
7709
6777
143
7708
2292
4276
1749
2
7152
1013
6271
5874
3671
9104
9701
2186
391
4200
4422
1215
64
7957
4871
9413
2982
5877
1685
2350
6558
5870
854
4409
5605
2210
7374
7791
8458
6066
2977
3983
9571
3715
733
3491
8258
7221
3544
4683
5318
9173
1585
3440
484
5027
2761
1028
2006
8615
1173
4014
7631
7354
8612
8932
7412
9139
4379
1112
5757
818
8401
8047
6035
4187
2325
7993
59
4933
5853
2407
9407
2252
2093
8690
8269
1033
7935
2823
2276
4161
418
5315
4649
1779
8932
802
8588
5935
8756
5605
8222
234
846
3404
4175
8793
6420
848
1798
3187
3646
9297
4167
7420
3739
173
9299
8116
7605
656
364
4534
6600
4417
2261
4656
700
6429
3199
5604
8788
3327
460
1196
2834
5482
1753
4648
9901
1904
6340
4436
2550
8022
7984
9681
9719
9372
3601
8790
3443
369
8674
5779
6208
2585
9085
4322
1211
78
6087
8002
8575
5621
5382
1916
8793
8670
5160
8281
7875
7912
6863
3551
2228
2048
4887
7257
9789
1090
4605
8089
5005
8489
8385
4767
2936
6105
7623
6359
7336
8888
8234
6451
9732
9666
4888
8535
3515
5769
1297
2087
886
6390
390
8169
4552
7296
9255
9801
3200
3890
1234
1594
6600
8874
2588
2286
4025
2353
3391
7868
5275
6420
4081
1499
7085
4795
619
4851
2995
3139
6395
4669
4445
7798
3994
2179
447
743
9196
926
463
945
1326
1771
6019
985
9919
1480
1079
1734
2126
3047
8358
4624
496
8473
598
1991
8553
3539
9800
530
5706
9660
128
938
500
5610
728
5058
5487
194
5152
8980
4856
7698
7615
4055
1422
343
3759
4449
5128
2100
9470
9065
9592
5889
466
8592
7452
4157
1724
1490
5087
4205
231
4689
6456
9338
4890
5750
4967
9196
7291
1944
5816
233
5958
9862
3066
6319
9232
7402
2918
1977
2781
7193
3889
3947
2971
8849
5047
8341
3965
2679
7614
2399
8760
2266
1527
6771
94
2017
9041
7995
615
7097
5974
3851
6974
446
9217
6379
8266
5079
3001
1997
4052
1237
5650
3870
5331
8014
68
8197
4491
9878
513
9219
2529
7912
5803
7536
498
9689
1286
4109
9543
3795
7499
6204
8075
9733
7204
1261
3363
2861
6922
451
2061
4442
5162
488
1685
2203
8874
6518
3056
296
1278
5511
2537
2536
6389
760
9220
1177
9798
7818
6997
5480
3138
8735
7062
3903
9040
1392
1276
474
5326
5734
9364
147
5643
1892
6876
4363
2268
9090
1616
2796
2053
860
4957
2277
9558
4365
4794
4538
9130
913
927
8011
1851
8046
3948
7582
1126
7171
8108
8678
9273
2705
4615
4642
722
3190
6918
7284
8250
2944
6269
5610
9197
2902
6353
5460
1342
891
2056
4157
7636
689
9026
4458
1657
5401
8240
9012
5567
1548
3213
9423
4432
1375
1036
4571
3097
9654
141
4521
2137
7572
6481
7846
2936
632
7445
5691
6624
8769
4641
5181
218
7183
2777
3393
7668
4608
7390
7520
1747
4606
7315
41
8939
9735
8133
1294
4916
1435
5270
5876
3196
2963
6140
4491
491
7851
5889
1880
2085
4917
717
623
9902
1429
8708
8150
4367
2386
6232
339
688
6415
9229
4792
8000
1604
5812
2307
1539
6777
4207
385
3476
414
8260
4122
8235
1509
2097
7193
6486
176
2313
3063
842
5201
8377
3571
7692
984
895
7111
2893
6679
9677
8439
6319
4749
740
3875
655
9833
6334
1165
182
9248
9921
8307
4867
6603
1244
30
78
9450
4051
4095
6466
2595
1565
8058
4284
1614
4556
1010
9948
5243
755
1162
6957
3744
1062
8286
5957
7785
7495
2857
5399
2177
2236
230
9484
7947
7471
3096
3806
8093
1453
4883
7355
4138
1980
1705
2415
833
5034
4947
9689
5194
4983
5703
1100
9919
605
1114
1974
1664
3395
9438
593
5820
6005
835
2449
814
8808
3129
3433
9183
9436
7240
7882
2636
4806
8178
6404
4646
5704
707
1124
8983
744
6919
2251
1306
6488
9019
6692
6617
8892
2752
1080
120
8381
9922
6996
5301
6293
9838
1453
174
6097
4869
9259
4561
9355
114
8019
7207
5427
5258
1366
7701
9373
9301
3783
6312
8076
7988
2485
5269
2609
8266
8199
9964
8600
1895
7402
3924
9218
7311
656
7434
1500
7573
6384
394
9723
4569
6667
171
1545
6176
635
2197
1141
9276
5354
6388
7403
8695
6037
8245
3258
5989
4
8247
7714
9483
3761
2913
5725
6354
9460
8776
3071
9779
7070
7799
5621
7592
9888
8889
737
2279
912
6697
6627
3015
896
2023
146
4159
4062
3968
9668
2661
938
2168
4911
3582
6731
7895
1899
4323
6426
1197
109
7367
4816
1990
7529
6169
3778
3809
4001
3789
966
6040
1449
8218
7114
4775
4241
8363
6320
764
5876
2209
693
2834
1545
6120
7680
7654
4603
5678
3343
6188
9078
8515
8684
1295
1183
6607
3009
4833
7385
7696
337
6213
387
4560
25
8145
2916
274
8051
9968
4266
8330
1653
7804
2941
8863
7939
6990
8437
4770
1140
5351
1285
9271
4526
1222
9063
4224
1806
6891
5451
4305
6704
7961
5408
8251
5097
9048
8764
126
2708
3624
9154
3788
9045
8591
318
6222
1119
1168
8282
7089
5148
8782
9343
8974
9207
226
8195
6946
7115
6504
6730
9404
8750
1514
3484
3413
2124
7893
1917
8062
1413
4159
5063
3895
7264
8817
6730
7862
1446
3613
7590
8519
4659
8334
7273
6898
3207
782
8481
3872
5158
2687
5862
384
946
6242
3853
4984
4169
3987
8662
7049
2516
7041
3652
8037
5584
187
2443
700
9413
9149
3936
4553
6461
9497
182
1476
9628
4483
2509
1168
5046
9275
2356
9680
1298
1654
6961
8069
6983
9578
8286
8117
1994
4061
5981
8531
2982
5989
2981
3216
2344
1808
6817
7748
2095
6859
628
1581
1091
7481
377
4808
7958
9656
5412
1461
9896
8012
5738
51
350
9969
3737
4710
8626
891
1137
3520
5996
5421
7503
5089
9429
3679
4544
1048
6194
5188
2503
6933
2129
3869
7233
4273
3014
6884
1221
5470
7955
8257
7082
8514
7228
6748
6314
8691
1497
204
6847
417
7774
7214
236
2986
4220
2775
2879
7174
5916
4653
2136
9252
9472
362
5403
9064
5798
7539
5818
807
2660
3811
7852
2622
2
7576
6046
4920
442
295
2201
364
7882
8991
6992
9798
7385
4496
9562
4541
4606
2772
776
7473
603
3096
4931
6054
8250
2369
2057
9851
5762
3592
7464
1699
5258
6478
1178
7207
3167
921
8885
6369
4456
1450
4078
1210
805
639
1557
1140
7417
6483
7385
4634
840
6820
1095
9381
1053
4919
4371
4728
3492
9928
106
8186
2026
763
3376
3961
6656
4162
8953
8639
4167
1060
1182
5700
1630
6820
5834
8469
3140
9412
759
3567
7423
6125
9034
7419
4667
8145
8310
7020
3530
4836
4333
7546
8570
6760
3959
4443
2971
4121
9497
7910
6701
4943
1585
9753
1053
6381
3763
2621
2020
5511
2610
5367
4109
7964
4765
1597
2506
6367
4908
1309
261
4457
3035
4045
4553
5112
40
5483
2134
4265
6631
6575
7335
6204
4883
8415
4200
7486
4764
2131
9759
3635
5779
9652
4819
5858
2229
3469
3890
5892
632
5843
9465
8993
8414
8872
4856
4071
6645
5727
1398
6461
4415
2978
512
2331
2671
3710
9312
1132
6279
4823
2479
3869
3828
6241
6145
8709
1791
8843
5653
9646
7686
2047
2626
8506
5712
9304
2258
9903
3241
5610
8857
5848
4191
9256
4994
1237
7213
8113
8132
8566
1754
8354
4766
4290
6972
5319
4469
994
7931
3325
6309
8368
9106
7714
5562
9067
2038
3738
7892
4319
4343
7626
934
606
9450
6626
1160
569
9891
3815
7271
3966
5741
8839
7284
7112
8125
3661
9440
1119
9606
40
9296
8341
159
6810
7472
6313
6767
8042
8814
9296
242
4927
7393
7878
3044
5064
9508
8291
6116
5897
6373
4680
5788
5690
3112
6561
1953
641
1971
3630
4233
9158
7339
8016
5503
4673
2973
3711
5869
7507
723
8581
6435
7109
5639
1905
7063
7926
9752
2547
88
8584
586
969
2099
7011
8834
9013
7240
5696
1578
6252
2842
1384
9101
7837
40
4125
5243
1343
256
1274
934
62
5058
7029
5522
8506
3592
6064
5463
5601
6075
7585
8540
3123
1988
8914
5295
6459
2899
4195
2410
5681
7133
3146
2049
7536
6291
8568
381
1039
2280
8478
8458
5063
1907
140
9775
8068
2760
9890
735
5155
5253
7694
4244
9868
7746
1661
3126
4826
5429
6389
5984
625
9810
1077
9714
4168
9550
4831
2993
1338
1504
4428
372
1501
9765
4679
5226
3293
6062
9458
1732
3016
5141
416
6590
889
545
1732
4951
9729
33
8673
295
4595
6373
8281
4948
7550
8015
6049
8222
3987
3665
840
9467
3873
9065
8023
2236
8708
7252
1217
8914
6833
8039
3434
4460
5086
5967
9421
4549
7081
779
870
3010
0
1907
5464
6381
829
6334
2279
5614
3422
523
3138
6705
3612
752
1326
1679
8733
1094
2397
4172
9671
3731
1191
7552
42
7112
9460
6394
5376
4839
886
7784
5382
2407
6968
2502
4517
3434
4024
7876
9687
577
4991
6132
4570
4924
7657
1996
1782
5896
2896
931
8109
6227
1822
156
7198
5666
3751
9937
6500
6162
1260
7401
2055
6728
7120
7265
6501
3853
5154
7257
5772
5326
8908
4900
3295
9496
577
7951
9101
1984
1143
8764
7783
163
9279
8260
7853
4839
1527
2765
140
7860
5385
4902
6010
9963
4232
6910
9127
3384
2103
9622
5014
3087
7146
5576
2772
9986
4856
8758
3116
2504
5919
6374
128
7394
8138
2922
966
4662
8276
8084
171
879
8060
7496
4356
6373
7455
6024
9457
3063
9873
5343
2735
2543
5861
3135
6458
2082
9934
4381
1361
6573
7722
4794
7583
9231
7717
419
1246
196
162
6675
8389
143
3243
1283
420
5217
3364
4220
5955
1438
6586
855
320
9300
6350
1995
4317
8741
2128
5785
3715
137
6812
5028
9629
8852
6133
1771
8986
3378
8734
3230
1052
3365
6348
7939
8775
1423
9409
8683
2705
7442
9158
4426
2125
357
9515
6738
9744
7902
5791
1861
1127
2921
3200
7788
5616
2251
7393
8247
8409
9705
8871
4424
2947
6291
1896
2166
4818
9259
7518
4029
2802
2425
4061
4642
804
8780
5358
9444
1299
7414
5524
8875
3437
2239
4908
3083
7951
4484
2554
3999
395
7979
5504
9423
1190
5118
1154
5618
1761
8013
340
9838
1442
8011
910
5336
642
173
8681
5040
1125
4580
6009
4777
4923
5875
2410
6965
8325
2765
9613
3012
7869
9575
2207
1583
5146
1547
4926
9364
8274
7928
5316
8306
1922
3311
6222
4781
9169
340
9413
4732
2291
8940
4390
2013
7759
7446
5516
5407
6551
1858
7420
3509
9320
9956
4200
9968
1639
2295
2240
536
569
6524
2389
645
5817
1205
8640
7698
397
5473
9546
267
4685
1188
8798
6480
674
8613
5022
3937
5283
1628
9514
7163
8758
6742
7784
9740
1645
4787
1719
8112
1047
6599
8250
5808
6376
8906
2776
8093
4492
2475
4823
4053
9450
4387
5825
5038
223
8163
2664
3858
5248
785
2263
8720
624
8430
1500
993
4393
3868
1504
7269
6503
3643
4549
3379
1938
3710
643
760
7346
3543
2754
9935
2629
5790
7901
1366
78
33
887
4287
7394
5091
3897
3930
1459
3931
7183
5326
2200
3327
8647
150
927
4448
7522
2537
675
485
4379
7575
4063
9206
750
401
1747
3646
514
6228
9873
4234
2180
4991
8503
2374
4561
6612
6065
2858
6149
3679
7922
6507
6581
3049
549
1157
211
8194
5934
731
3248
6433
4322
1860
7222
9513
9108
181
9246
4031
295
9897
2387
4524
8827
1492
8617
276
8267
8211
5297
9355
5302
5918
1568
6223
2148
8524
1251
7768
3392
3868
7963
5144
6748
3627
878
3443
1980
7443
1958
7016
7114
7233
8596
3374
4742
5635
3281
3431
2245
2200
6391
6520
6507
9072
1953
2333
6229
8302
381
3632
1994
9365
3538
4797
4848
2254
1640
6511
3418
7390
209
8084
2763
8550
4440
7823
4867
648
1719
1398
117
4157
3197
2829
5995
7763
9334
5354
2244
3404
270
1105
1014
1936
4809
9731
9170
8333
8697
6164
6069
5139
8528
2990
8542
1863
3417
1110
817
8207
8424
2204
6836
3877
2757
3510
6587
1984
4819
8251
3610
9557
7814
875
4620
6221
7855
1495
9854
6018
3470
3562
7886
5552
3391
6767
2271
5088
7423
8863
4322
3191
2968
7232
1593
1706
9874
7969
7941
9660
3221
9394
2867
9218
4336
8624
4119
3884
3234
9945
6499
2475
4186
6685
9102
121
878
8665
6619
8929
4668
9018
8659
9017
6526
1424
7695
4994
8916
4069
1774
2728
1120
2954
4654
9468
7421
4779
8630
7259
1961
4465
6634
94
7329
8822
4918
5627
4080
5945
7255
5602
1075
265
136
2594
3898
1393
9777
4676
4342
1044
233
9269
2746
8
5981
3892
7208
405
4856
4969
4686
5227
3730
6292
2395
661
6316
6086
5277
1732
9072
9056
4544
3088
2288
6834
1137
2157
6811
9909
5533
5876
7270
6310
691
6251
5021
6731
5830
8710
8023
4075
9588
4727
2443
7500
2319
3817
5151
3979
3503
1081
7748
296
7610
9344
3903
6004
9787
9244
735
8383
3081
3373
1861
5946
2688
931
4434
8844
2491
302
9062
8157
5081
7103
1165
9969
9219
799
4262
4076
1196
9948
9308
4178
3309
2540
727
1267
6439
6239
9894
4675
7696
7402
7240
4542
6916
4087
6128
9329
71
6684
3993
2883
4488
7312
9106
8701
9260
5
1408
3011
4693
1864
3727
3105
1026
5393
6203
820
8325
1915
2051
3114
1446
6472
3734
9544
9909
9493
1675
4383
8871
6959
7615
2991
7593
7195
974
6195
9512
8652
2856
1046
9145
1466
4578
9325
3167
7278
5766
2260
941
2412
1131
6901
3490
9133
2475
7298
6795
8017
2264
7506
4135
1690
3069
3832
2042
2066
3071
489
7432
6876
9219
5608
1053
2216
6567
7625
566
6584
1327
5033
8710
94
1565
873
4446
9779
2341
293
8186
1299
5363
8693
3902
3004
3459
147
1908
9450
6340
904
4707
4948
7484
3512
3194
6833
6093
9302
2153
4099
5510
6484
5573
107
6098
2654
4290
6327
218
2069
5815
976
4235
6322
9704
4489
1505
2574
545
4381
6287
5856
3363
9493
4054
3749
2745
4334
4869
367
7687
4267
9
4462
8497
108
5502
817
1154
4554
4983
7044
5261
6525
5803
4505
9027
7743
2369
3668
7044
1170
3818
775
2278
9961
3201
7345
839
4731
857
460
3800
1857
2064
5855
3036
2644
7137
9946
6701
5731
1483
1874
3164
7735
4050
4213
1329
470
740
6616
8399
3612
7957
9369
7757
423
2872
1784
9362
1135
1283
675
1972
371
1664
3825
9963
9092
5608
1020
2262
6838
6533
2245
7003
9116
3023
745
3419
9190
9258
5450
9958
6162
1704
3954
204
416
1118
1144
920
8195
1623
7295
4786
3978
3806
8677
2917
9386
3963
5856
2188
5863
1279
5073
8992
4704
6375
3237
3226
2286
2217
4094
407
2575
6326
2608
3169
5994
6469
4371
9826
8286
1741
4669
1310
545
4513
2107
978
1628
5278
8645
6078
2722
774
3450
9062
5636
7651
9741
8952
3887
7244
3718
2673
7770
231
3203
2655
9248
392
6885
2583
9394
1489
6889
2807
7561
5286
2651
9740
2458
534
6694
5023
5061
4539
2874
2532
9401
9180
7591
7332
7191
6405
939
3511
2343
2056
2623
4289
6524
8913
8909
5181
4760
8505
4675
847
7170
9938
1809
2795
6292
2630
7967
3052
3828
4555
1906
8251
6076
8878
9241
5423
7617
6256
8860
420
5337
2907
419
516
4248
9339
4231
525
6854
8656
811
7423
4709
3484
3003
2258
5706
7768
7956
66
2922
8859
2109
3124
2679
264
4020
6438
2260
9175
4397
1363
6228
1663
6711
5308
4009
4832
6531
3048
5017
8805
9287
1586
7371
1786
9546
2258
1828
5219
6719
7016
957
5099
9493
2832
6060
3975
3220
2631
6549
3473
437
276
9034
4180
2328
3889
2452
7270
5455
9443
8243
9559
9516
9934
2161
117
7902
3358
5845
6798
2090
2245
1809
5359
1376
7378
3237
4215
8589
9727
4171
8357
4576
8856
1470
8572
3373
1812
3511
6082
5993
7270
8817
6305
4520
2146
3663
7824
4902
9807
4717
7105
8967
3615
2768
5999
7579
2677
1142
8627
2591
7291
6629
6549
3719
1281
8668
4005
5757
1665
4353
7962
1000
9430
1069
4687
3106
2847
4142
9051
1032
3790
8753
5015
4144
4504
4020
7581
7579
2952
8740
3550
9165
7441
1138
9436
8433
4127
9502
623
1848
7118
3316
4340
2389
3681
1983
3941
588
4679
9254
3473
2007
9105
8371
2411
6569
78
7892
6574
1313
2010
2584
197
3587
3212
3714
4076
6806
5714
7748
273
814
5038
7946
4411
6418
7347
4734
390
5005
5341
5336
6024
547
6908
4421
9474
9227
5117
2025
3259
1105
8938
9569
3255
9474
7764
3551
9184
2509
3795
3719
9655
9279
3271
8349
9986
3548
1399
1991
881
8413
3764
3471
9550
8526
1314
561
2271
3587
2949
9408
4496
2309
9719
89
3901
3490
434
4821
2462
8601
4185
5621
5358
1372
8187
5893
6816
6949
3798
4518
6443
4818
8905
5168
4383
1047
9602
7282
5614
7100
6315
347
5534
2044
6775
1777
7583
7908
4081
205
8392
640
2551
7547
1196
5647
7416
8799
444
3174
8889
5838
589
8803
4024
2675
7001
9634
2223
8295
2260
9272
9545
7809
2268
5508
3048
7288
2965
744
3449
5806
9865
6024
9739
2852
1833
2235
5633
9336
1189
1415
7567
2119
8585
1303
4954
8368
8965
7646
6452
4635
6318
8380
6753
2756
8351
4046
7052
3274
9294
8952
9183
7216
7424
490
8343
7112
4023
4926
1281
2519
6985
2562
1407
113
3518
4630
2983
915
9048
7158
7148
3855
1916
8733
8138
1966
9889
8215
1192
4801
5044
1847
1241
4567
2257
5907
6111
6323
4351
5197
6622
2753
9009
4358
2588
2910
3987
9975
7762
655
7348
8877
4874
5614
6921
2607
3398
7324
3891
4413
7564
7694
9832
7200
47
3203
3400
6330
6345
144
8814
5766
5666
8492
2326
1566
3084
8719
9096
789
3547
1326
9027
9616
816
5116
316
6119
5396
9488
3723
3659
8190
5485
9078
4558
6437
2372
8013
7024
2077
1525
7811
2180
5589
1616
1655
6720
1158
3398
7554
2673
880
4768
2902
65
8487
7781
7764
3164
5782
3532
5248
8813
4834
6096
5642
989
4739
9047
4861
5771
3517
8507
3851
9852
3082
1655
4369
8756
6609
3954
4728
9671
5840
2668
6583
9158
8129
8875
4392
6564
6652
2694
2010
7449
7819
5878
3328
4987
3059
3931
8806
5995
8202
2768
3484
9836
2080
5360
9720
2016
9846
9227
4656
1680
8598
7167
6676
9199
2856
9479
1926
2112
4158
2944
6707
7183
5005
3248
3336
2761
8271
2261
4900
217
6970
1039
3602
6295
3143
8032
9577
7357
6294
602
3326
8270
7996
6049
8116
3840
3536
8552
3173
8584
9634
7706
7070
4000
204
2707
5057
8196
3209
2715
9869
819
3839
9863
3127
3588
1182
9502
4942
2655
1778
8241
8756
3456
4234
648
2969
6417
7055
6397
5998
2301
7474
9383
5126
5
3770
7758
8854
2504
1466
2285
6792
7560
5649
7629
5980
4760
7599
3462
3646
2487
8137
7316
738
5233
8689
8474
3909
5156
4885
458
3879
7657
7824
4100
5656
6838
3137
1133
7782
3759
8667
2241
4024
9580
6122
2880
1768
3540
724
8172
3236
5226
8869
9188
5712
8988
9097
3591
2808
5133
2689
9848
3994
6250
9876
9668
7861
3870
9424
6478
9563
5001
4670
4758
9664
6053
1760
7344
3500
3091
4020
5961
6963
4632
9201
9008
850
8505
8494
2512
221
1988
3530
7459
8325
9580
7205
4481
1763
8625
9601
254
1907
387
5977
9871
8482
3356
8248
5979
3475
1993
2247
9275
9581
2577
603
7488
2432
4253
1235
4721
9771
5179
9714
9246
5077
2205
5361
3400
5255
7368
8229
4869
6428
674
8285
1903
2362
4150
3315
8864
3601
8910
1558
8936
3164
3687
2331
3945
7183
2804
1352
4989
3985
1163
5511
8906
2379
5946
4951
6844
558
4638
4054
5238
1856
1923
3200
8312
1655
8113
9398
2933
6144
2302
3980
8281
2433
7702
1849
7500
9319
8337
3535
8999
2779
3942
4969
4032
5512
9906
3948
4251
4964
7773
4884
7896
3886
5727
7144
9724
5214
2267
7199
4468
1135
5594
9006
1691
1020
9210
2388
5960
7293
6157
8851
729
2263
6631
2461
1261
5279
3506
9171
1388
4727
5609
744
2130
532
4337
8454
3620
7132
9111
1231
7979
6268
6306
6053
687
2914
11
492
9478
3225
4705
2785
5277
3562
7593
3234
8808
6638
5855
4420
1675
8204
9460
242
9729
5822
4813
5604
3876
5712
773
1074
9197
3653
59
3558
8870
4136
7863
6260
1056
1620
7835
9554
4826
2663
6572
373
9334
8903
1224
266
1970
4154
6075
5942
2503
6966
4188
9167
8386
2590
7670
1780
7670
8230
6169
5692
1187
3258
5646
7422
642
837
2764
328
1835
2122
9647
3459
3916
1219
1780
492
6240
8611
8426
1765
6124
7972
805
1082
1743
492
6362
2517
7800
7828
6359
3430
2195
3064
6788
854
8034
6405
4859
1123
6838
5846
1662
2746
7118
2873
9263
656
4509
4771
2800
5313
7499
7714
5640
1004
5988
9687
7505
394
6756
2210
545
5417
9139
836
8669
7184
4016
3579
5216
9941
9740
7581
3354
6563
4907
2067
3205
2895
6973
5480
7967
928
8050
4629
2841
8870
8654
6335
1328
80
5246
7611
8251
3891
9645
7250
8000
6882
7182
3005
5919
8687
3138
7128
1546
8438
96
7831
5745
4687
4660
2842
6602
3436
6430
9533
218
4194
4698
5605
7126
4927
9288
799
711
7913
8007
5937
85
4470
3284
5968
2574
8250
8067
7113
932
7799
6222
1672
7555
3159
1969
7187
3481
9311
1890
9257
9601
9766
2871
9886
4313
7681
1147
9953
5870
1439
3850
6016
3845
2194
5323
5668
9072
5218
7544
7149
2001
4526
1925
1429
3179
9944
7296
1049
3807
6779
973
7350
6213
6448
6356
9178
2187
4505
703
582
4007
5043
6323
2522
756
7134
9311
5897
5597
7378
9897
3934
7166
9115
3411
7578
9900
4320
4088
5948
4663
8863
3434
3417
2863
7102
7312
9212
6777
160
9228
5273
5869
3695
1268
7390
82
5436
8823
5109
5197
229
3394
2702
3114
5407
6696
8731
5268
1669
3618
5200
1323
4739
5607
5880
6065
7474
7217
2656
8534
8302
2512
958
7360
5754
1787
5055
5066
7633
6462
6166
5363
5311
6381
3121
1586
1091
3938
3557
7135
2438
4873
2281
3293
8073
4622
1108
568
3014
2420
7093
986
381
7153
8040
8335
1856
3603
6472
3865
1379
5964
8719
9412
6899
4033
4053
8210
5807
3227
4229
2896
5416
5400
4589
8922
5389
3557
9096
4370
2230
9059
2151
1725
4235
7827
5707
4395
5749
3243
7903
2885
9409
7922
9922
4037
4191
8135
4881
2198
3502
1984
3884
3889
9065
3863
9917
6687
6336
6360
7572
1685
8279
1690
7649
4398
1503
9201
8686
6959
3702
7936
1218
1074
9584
9509
4752
8269
1271
7765
6599
3685
4984
6525
5495
8034
9394
4529
7552
2285
4306
4413
4851
4661
8077
6074
1193
5781
3151
2445
7848
9297
5098
9739
7258
3587
2545
475
874
4449
4160
3189
8152
6721
2122
566
5706
9020
6771
2088
74
295
5652
264
3100
7987
5721
1008
3649
2689
669
3846
8100
3079
2990
4082
7673
4390
5755
4368
2272
575
5755
9030
4
9247
5632
2559
8513
696
5397
7295
2879
5144
5233
7138
2856
3421
7016
1229
884
8006
9078
4620
3640
737
3191
5129
1692
3370
8145
2267
3644
1553
371
230
5131
305
3710
8121
5535
3555
163
7453
4219
5013
3271
2664
9298
4097
5255
4187
483
9861
3231
1941
9362
4634
3915
556
7449
5787
8395
2326
142
6120
3205
8778
5128
7644
7270
9901
7789
2871
858
4353
5674
3562
8389
6818
5558
8962
4043
5293
4942
3406
889
9295
7079
5449
4840
8486
8688
8562
280
3793
3915
4945
7203
2528
7131
5562
4354
876
1705
6301
7381
820
3186
4875
819
321
502
1772
6799
1491
4237
7986
3566
8243
6420
5329
3399
6876
2113
9879
2344
5835
996
2332
7997
4082
6046
7883
9235
5783
115
8121
9326
1423
8247
1215
6628
5728
6387
8370
6344
7
1299
5734
9762
1847
8216
9485
5461
5024
3934
7821
8436
1430
4259
3584
6765
306
9070
7818
2845
3147
1877
5657
4172
1292
6868
8834
373
7616
9554
3873
6348
8003
5911
6347
8643
6679
6517
175
5202
7729
8569
5978
8028
6754
2243
561
9493
3332
7840
198
2103
192
7664
7481
6041
776
4877
1071
7875
6184
8422
3023
2901
3827
1774
2013
8830
1429
9165
2441
9985
6324
8783
5361
3744
6624
440
5370
2186
9489
9921
628
5392
6798
8725
6263
3377
6811
4272
9885
6731
9244
2566
2357
5352
6524
6043
6773
6784
2470
1199
2302
6524
9573
7797
1548
5673
6254
4993
1725
1921
1801
8192
8869
9637
8771
8399
2633
4097
6052
5714
6801
3863
6954
3847
7072
7746
7347
8110
7492
3251
6081
1062
9973
4606
963
8403
753
1139
6142
3669
510
1694
9761
7985
8597
4835
7718
8797
9952
270
4084
5421
7373
5060
5114
634
1086
9439
248
2742
2626
8573
6548
1910
7747
900
8424
6913
3169
4425
1902
1909
6277
8366
294
1416
37
9751
6639
8037
767
4419
9870
4189
8550
4448
3066
5444
6064
2471
3989
4920
6678
8533
153
3401
5402
6031
9150
1277
1254
8652
6851
9385
1383
447
7838
6259
5537
816
1742
8971
5987
9233
8522
112
7374
8140
8421
4212
6985
3992
182
2784
2060
7468
4572
3735
1965
4177
8720
3292
1786
5258
209
9487
9018
9549
1396
6850
2261
4300
9041
6998
5003
411
4402
9028
4687
1962
1838
5858
9955
9622
2187
5125
450
5880
516
549
8975
3982
7478
3044
7897
7889
2977
592
5130
9831
6042
9361
5812
4774
8985
3604
7940
94
1774
2026
1954
7031
2125
3383
3069
7900
8137
4392
9185
8039
4509
9938
6493
423
5075
4127
7549
1829
9499
5695
8861
8204
2188
8691
7385
1992
9605
31
3286
6168
7936
8628
899
5804
2822
449
9920
4073
9883
793
258
5889
6102
693
952
4602
9900
8302
6413
980
840
1104
4086
4276
248
9905
6797
9905
5350
2925
4955
8788
6484
2737
3230
9678
7126
9621
9856
3414
503
9285
8095
9731
6909
3963
2596
4710
6829
4613
1155
253
8134
2414
1101
7799
6637
4676
4584
1489
7403
2887
9671
4020
5513
8532
5885
1345
7724
5482
6210
9718
420
4945
9832
768
6634
9190
2935
6284
7532
4940
3421
3932
8650
792
6228
4196
7598
4794
6411
8787
2049
3783
9277
7864
231
3528
2918
5393
3856
3613
457
8112
7546
5225
6675
4127
3733
3202
7710
5174
6255
3546
7516
2391
7712
396
265
2594
4182
6920
5028
766
1994
5317
539
9095
1142
9649
6561
6776
7524
8941
2996
7173
1889
7155
3419
2091
9143
7133
6980
1933
589
3858
1164
3455
4860
1324
7956
307
3962
2489
629
5692
6384
1081
2411
4395
5079
317
8102
1624
6108
7832
5330
5334
6507
6126
4314
2390
2557
1237
716
8045
2503
6607
4253
3480
6462
9503
8629
7442
4740
920
7837
1040
3985
2879
4028
511
1649
7545
6226
3135
1745
8119
9572
4654
2033
319
4426
446
7647
9674
2968
4994
8762
6447
446
1537
571
6004
4813
2484
4476
8797
2514
4873
2652
1777
9861
2554
782
3025
2047
1706
787
7692
5839
7665
203
3527
2403
6670
542
9865
167
5977
3894
2594
1461
3152
2237
4058
1206
3300
2444
5467
7174
2637
9532
4571
5418
7594
4179
4722
8371
4367
9759
2869
939
6424
6476
4246
3339
5423
9339
4792
4679
6476
7798
6072
3836
3316
2062
2966
4104
6098
7857
738
2367
4549
7327
9552
33
4916
9148
8813
9146
978
3056
9872
3973
6978
5665
9594
8067
708
587
2373
8554
1515
6007
3033
6335
2701
995
8549
1939
9290
9279
1665
8652
3697
4489
3371
6854
4056
2406
1155
5450
8062
4748
8135
5879
1192
2699
6672
557
4652
3630
7683
6006
9017
5561
9875
5576
522
9302
3550
5044
2491
5727
3739
2754
2188
3165
4123
4984
4750
5432
1823
751
5153
2169
7849
8512
4195
333
3943
8379
4787
7500
1444
6672
8543
679
8953
456
9016
2721
4922
9524
5396
567
148
3203
8857
4575
3404
1868
2521
1983
5224
8398
5434
3702
7099
8756
7678
7403
1034
9063
9379
8012
3390
6092
4132
8693
8
4659
6441
7253
4787
2087
7239
4266
6351
6376
4550
6657
3774
197
8774
6483
3764
2839
4474
1349
3012
9685
2982
7439
4156
9751
1572
8138
2748
4077
8895
4890
6473
4806
3875
202
902
65
5136
1142
4239
8161
7621
1648
1282
5039
4629
9354
7406
77
1142
6418
2266
7779
5218
8686
6596
5439
256
1006
5764
1296
1021
8218
7409
341
4287
2193
2587
8786
1375
1152
1557
1342
4073
730
8666
491
3777
7617
4961
6749
1642
4820
6345
5179
916
1715
3184
5471
9005
934
661
3861
7170
2434
2275
5944
2257
8478
6938
6132
8156
7659
4583
5157
2904
6225
6216
6296
7363
9844
1001
4585
7609
1739
3379
3313
5307
7134
3241
8243
2639
3238
3235
6172
3998
4524
8587
1215
1354
596
9983
3834
4222
5975
1834
1543
4154
9010
4638
7834
5320
3853
8517
3306
1292
9818
2474
8196
2560
8757
678
4226
2236
4020
5876
9615
6717
8719
1783
2065
6350
9706
4707
2171
1639
4770
9177
2371
9657
3342
4556
4375
1240
8302
1962
8271
6518
776
6396
9021
962
279
8039
8058
824
2156
723
3188
1279
1198
8802
3726
8880
9099
8706
9885
3009
6245
1292
1215
1166
6469
4878
6964
7311
76
4975
3280
9243
5630
7878
3090
7994
5347
8185
9063
7623
6252
2711
3359
408
739
9827
9628
9802
5943
9100
3796
1475
238
7091
8184
9263
6832
6539
7466
3788
8267
6264
4832
944
6568
2358
7811
4631
9877
3629
1552
8845
6918
4013
8791
4555
7577
605
3300
1822
530
5500
8141
1703
3862
4890
6196
6911
4376
8205
2154
546
2680
7000
6390
9232
8149
2457
8657
6236
9432
4522
9201
7072
2514
8941
5944
6355
8208
8814
6454
9813
3798
4947
1096
6625
80
7077
3561
5069
1971
3866
7777
22
4692
5301
3766
7612
7001
8110
6724
4926
8270
6799
3566
603
4532
78
6586
7225
9716
5536
6150
3939
4944
3498
1593
524
5610
4105
4150
7077
3312
5234
6093
1713
9553
6457
7928
6325
6975
4250
725
6450
8480
2952
9559
6183
8929
2647
878
6045
190
3102
6791
3042
2100
5472
4902
2927
8860
6909
9648
1031
9100
6048
6105
5539
2212
7248
3371
2352
3174
1834
3044
9489
8006
7945
7534
2918
1600
5340
5034
1891
7059
5767
8607
2597
8880
4677
5499
6554
45
1004
2085
8156
3989
4053
3348
1223
2198
1995
7091
6439
9283
8500
240
7293
3845
3636
1071
3669
6687
3425
4980
5093
2187
9432
8661
4310
1439
9557
848
1485
9897
9184
4906
9161
9040
145
1385
8850
9412
4483
4246
6548
4398
6799
5657
127
5892
6779
8866
6921
5100
6483
6451
6605
2399
8873
9948
9660
5385
355
655
3695
2120
4754
2451
1152
5666
7377
9594
9421
151
5880
2026
4103
8582
7752
844
20
3102
4005
6596
9370
5288
505
9371
7737
4079
7666
1762
5731
9407
203
4370
2847
1391
7087
7987
4312
3820
4085
6738
742
2005
8960
6322
269
2958
2037
9947
6775
4201
5651
733
3664
3652
1749
7035
9502
8734
590
3469
5474
6702
9490
7274
221
9150
5529
9615
889
8709
4019
3407
1517
6872
8568
284
1696
2566
1227
5829
2009
4017
667
4287
9659
6247
7560
86
2918
5132
7744
8812
953
3266
8496
3155
7927
4803
4096
7047
7560
9514
2258
7563
3700
6187
2496
7814
3700
4591
4565
1428
6332
2150
3975
5281
1340
5158
6775
1006
5558
2415
3563
7150
9371
5639
2311
1753
6015
5836
9219
3679
8460
1360
2552
2767
8106
6995
5881
9148
2958
8869
250
9737
3893
6605
8264
5955
6099
1761
4445
7582
6036
9414
1940
3306
3057
2894
1077
4197
1325
698
8636
7152
3412
5086
19
7101
8597
9075
5607
8843
3248
5851
7553
1628
9765
8907
8448
4233
9585
4496
3576
5744
3080
9872
7020
746
9237
8866
3627
7749
3605
5733
5145
3346
7723
3443
6202
7479
9272
4619
7646
8616
5596
4106
2857
4537
8886
6683
1314
5837
706
8742
2251
8795
58
3995
4472
6047
6199
8248
2370
9715
1153
4922
2915
6522
9194
5194
7373
1793
4512
9036
161
5435
1104
5279
2112
2108
4274
2893
1621
3051
8068
5148
8848
5917
8352
14
6902
4989
2415
3396
6370
9748
8139
3253
5428
2342
3266
1245
8448
2154
3848
584
1435
8830
5096
8214
5289
5340
2448
8650
333
7940
6486
9509
2425
4524
7463
7368
1940
3634
9639
9218
5072
5139
6071
4325
4391
8194
4122
8724
7445
3146
3194
569
4259
7038
3714
4803
7315
722
1227
2747
791
8116
6663
4198
758
305
1051
676
392
3165
5009
1491
8216
129
6247
3033
2056
2882
7282
4178
9848
214
4958
8191
7137
7791
2808
1436
335
9127
6096
3512
5469
1113
5192
7244
9126
2515
482
9747
4653
1190
5162
633
9567
2731
3732
9597
3588
1931
2160
8769
1032
3911
853
2649
7673
4107
5865
2461
8560
926
4646
5169
7978
2064
8585
4970
4883
9227
9533
6241
6232
9360
8457
1385
6496
9961
8415
1397
781
6017
888
8349
5293
3377
4068
41
8892
1813
9966
8000
1334
1020
1130
2438
1915
7208
2255
9841
2191
3378
1255
660
8414
5578
2430
3561
5856
3012
5715
9648
9450
4095
4088
7343
1427
8501
1388
1688
2741
4989
2905
624
2231
421
8931
523
9362
9709
8014
3779
2219
1166
2353
6085
6315
8065
3406
8668
237
3509
4539
6666
2043
8216
6995
3108
7288
9802
1418
5617
8539
2265
1468
383
1747
3178
1807
362
9477
3107
6756
4668
5448
3696
2419
8138
9144
669
6085
8874
7906
4096
6049
6076
2489
2073
9634
9164
42
5414
4087
7325
2726
8288
8201
4783
1053
2445
4002
5992
8386
1316
4197
8288
1097
5873
7007
3361
9545
8180
9508
7621
4400
5784
4696
7696
7427
4570
6191
515
9222
8619
9429
990
6745
8919
7892
8320
7992
3882
7628
8374
7484
6558
5156
2312
2831
583
1934
7901
7869
6004
2948
1770
5080
3732
3220
9659
322
3409
5490
2581
9041
1540
7787
6281
5276
999
9291
653
9099
5473
1246
9307
4169
3618
4027
1508
1871
869
7121
6070
7437
1347
3404
3118
5964
1797
529
9981
7337
1963
9632
6051
2766
5214
4115
6245
1391
7743
6626
2015
9875
3339
4991
2014
2806
2973
4000
1748
788
8122
379
3057
2972
6748
2003
2998
2745
5563
6873
6566
912
2902
6750
6598
8203
6177
7540
8284
8520
80
58
9016
4777
1373
4008
2436
4632
4637
4090
4031
703
8072
5059
6528
6647
3843
6878
8471
2917
6840
3451
1276
9962
1003
8091
8854
8398
7189
2592
6423
251
4575
2280
5017
4704
1662
2407
5936
1050
5319
7414
3457
3942
106
9015
3440
6850
4999
468
2824
512
6561
7254
8841
3315
7316
2597
455
8235
1966
1165
2040
9842
5156
9766
195
1964
7915
3039
395
657
6397
9829
3890
5801
1490
9822
6507
8403
833
625
3855
5633
1198
1903
4292
8752
5985
4283
6468
3745
6741
4641
3540
5195
2604
7132
3544
1310
340
1485
165
6791
337
3614
1534
176
9725
20
5292
4434
8869
335
2526
6876
4509
1645
7210
16
6314
4534
788
1813
3742
9773
9808
1058
9019
1735
8724
6777
3487
32
4741
7168
7160
8963
6843
5264
3787
6006
8757
430
9385
1752
4898
8128
3413
7985
5090
3774
3025
685
6487
3166
9382
4668
8370
3558
98
3820
5394
9089
4195
7028
7101
7621
7540
9856
5359
2592
3438
682
965
1180
5089
9432
5255
1834
9157
9193
5920
9239
5597
2977
7729
6795
1935
8001
7235
2289
8366
6626
7868
3900
7495
1250
5669
8621
6702
4232
5319
3454
7476
997
3685
5217
2140
2716
7278
33
5707
3755
7649
7857
1408
2
4546
1308
2854
3619
5425
2653
2357
6682
280
418
6880
306
9934
5986
8501
7780
4166
9676
3628
4552
9301
2608
5667
8881
4586
7552
627
6553
9871
8029
196
2371
1743
4437
7623
5968
8193
788
4663
1868
7195
3834
6087
6837
722
766
3411
8810
876
3182
9116
1224
68
4503
1441
2916
4773
6809
3629
3057
8861
7907
5608
4361
1400
5827
1032
8578
5019
244
9644
9271
2673
5871
4239
654
5449
7311
65
4240
9372
9781
8268
120
8079
1380
3878
4076
9903
8703
2616
5305
329
6912
6820
1078
5919
9865
5393
6306
6406
1231
4467
9232
2683
5350
9390
7408
8179
9479
3772
5420
1437
6707
2985
5418
8211
374
1830
5489
3188
5626
6020
20
132
7546
2663
4014
3766
1663
6833
919
8823
2962
4294
5097
7090
8042
8976
9394
158
6747
1165
7332
7441
6159
932
8624
6141
1
1756
3799
6672
4432
1891
3721
547
8891
1193
4133
6580
2426
4879
4227
2257
4149
3887
6753
305
6553
9861
6299
6052
3660
9917
4855
6619
8419
7293
707
578
8339
928
574
7864
9807
7399
1380
4756
9664
729
7974
1382
7088
9451
3789
2993
8794
5321
3036
6299
146
285
6924
177
3624
2880
6725
2129
1952
9159
9384
8261
9900
3094
9099
2688
7338
6836
1221
6008
3999
9093
1005
6029
5584
9447
3885
7722
3045
3341
7505
5562
497
6104
6213
3714
803
8789
882
2696
5412
5495
7328
9829
7384
23
1548
8276
6602
3488
3094
2266
890
3137
3602
3475
6528
6121
672
2786
6899
7083
3992
2469
5099
6685
7203
6915
5141
1625
5864
4253
5066
3029
9181
8284
9311
5235
2162
2585
3991
1389
4592
288
84
4082
3676
6099
5782
5952
5468
233
3348
970
1181
8279
2492
6029
1885
7325
7033
3880
4134
1430
8848
8817
5166
3334
7094
2750
5429
8142
2269
9730
4245
2003
9391
3166
5713
7190
3748
622
4075
6259
8551
767
7060
2648
4482
466
909
4724
7285
7341
6755
2122
6726
8955
2354
6288
7419
248
8490
9522
9800
8621
6061
5936
1657
8356
9099
5440
6035
6114
9146
6512
4233
7470
895
4762
3428
1205
7139
2858
3506
8296
7410
3884
7796
6191
3723
402
6003
2774
7219
2420
3718
3403
2474
5026
9067
2988
5458
2898
9343
650
5875
4049
3430
108
2050
9606
9948
5507
3186
6142
6992
2804
6984
5265
8050
9815
3974
6084
881
9684
2860
4991
9878
5494
660
3653
3313
7668
8446
1022
3392
7308
5734
1515
9560
4953
3991
1289
1331
4948
6091
9867
703
7448
7716
1403
2905
8622
306
2353
3554
157
5543
3504
3392
558
3240
9361
1957
9440
653
2590
3689
7398
5853
84
9463
2426
8418
136
1199
6438
2642
101
1305
6808
3339
7143
2503
8403
8888
2731
9323
4257
8748
4349
9076
2433
1369
769
5679
9542
4504
8027
2859
8807
4010
6155
3687
8050
8369
9003
3856
8148
9222
5537
7331
7078
3881
2712
5431
8978
3540
4976
4428
6257
670
3507
6137
4097
3583
258
6799
8628
9820
9197
1093
2275
3300
6164
6409
7850
4283
3825
6143
7508
2089
6010
4967
1441
8484
4761
4408
5530
8382
3442
8181
2422
1973
1271
2096
829
7776
9455
1247
7461
3632
7204
6665
5905
1083
227
4818
2201
3514
6722
8541
954
7675
3569
7764
1555
4875
1036
9078
5393
2099
2281
8276
4391
9496
3167
1075
702
7318
6858
4430
7745
3314
8306
9513
5383
1011
7285
2869
8211
3909
221
8350
6073
6007
2425
8340
1381
8961
9741
6239
7154
4326
217
2599
2140
4930
4274
1235
1431
1844
830
7000
1224
5058
9731
7141
8997
2929
2621
4361
46
7427
1112
2619
9465
1109
1020
7450
1570
1482
3907
3896
7703
7971
9899
4149
2209
7114
8827
3260
3121
6677
8219
7306
7031
141
9912
8517
9096
6471
1231
9502
638
5872
7499
1269
6431
1376
9559
9913
8252
5870
1888
4637
9190
5077
2735
3342
507
247
5382
5699
7466
730
942
2566
6599
6726
1153
5259
7149
5366
709
7365
9216
4172
231
6409
8044
5825
2164
787
5276
7810
3116
4480
3267
5985
1950
5837
8795
8049
4256
4820
2717
9399
6092
2151
2550
1021
3084
1417
6252
878
7789
598
3579
5749
8889
5233
1037
1701
7961
1730
2459
1535
6572
3979
4103
2257
7720
9979
801
4884
8018
9349
7402
4763
1171
2677
6785
5809
8379
1545
8571
7902
1068
4774
1682
1408
2005
7966
4262
8126
777
7546
4445
2953
8110
979
6291
1782
3190
6101
6342
8001
9883
8815
4350
416
1936
6200
8552
9074
7082
6005
1846
2348
9598
9233
1999
3910
7340
1070
7785
7818
7181
7598
3557
321
536
7911
3140
9819
9345
7448
4485
5864
1527
9736
2520
1580
3386
510
8111
1822
5277
7760
7929
8547
5867
3889
4501
4716
7137
678
5916
3193
9360
9595
3018
2163
1618
6490
3264
2049
7775
897
6147
687
3753
7202
4499
4159
4026
2586
5788
7618
5934
6441
3519
6241
990
1111
9772
4758
8332
5992
9650
7802
81
2219
9196
5240
2860
5782
9228
866
5440
5298
46
515
6815
8756
4328
7002
5284
3671
5578
7864
9537
2973
7639
6653
6056
6864
5943
5052
2077
1207
6092
9425
8796
1283
6065
4090
5020
6972
2889
1787
6911
6004
4117
5861
4229
2841
9761
8828
3088
3332
8610
3034
6228
6468
1459
2422
747
7858
9607
439
6967
4811
9762
4037
4120
6813
7197
5985
9066
6977
7988
6490
2867
2339
8546
2035
1918
6837
4885
6271
8892
8119
1164
1822
9180
8614
7155
8545
534
6431
9473
9453
3462
9348
4147
948
195
1704
3827
7922
3912
5028
6802
2813
2821
982
5549
5433
5727
6034
7492
591
1154
2116
686
3914
2539
6559
3553
9120
7782
1176
8796
7873
8081
6614
9883
4923
3338
8636
4201
1410
9096
7318
3536
9417
5603
1115
2596
4316
3125
9290
7848
204
9877
7408
4901
962
1418
8548
8820
8100
5810
9038
3704
3934
1982
6392
3148
1200
6444
1271
8252
277
775
2250
3179
8301
1077
9060
2147
9502
6834
7317
4125
4963
6763
9495
7748
6718
537
1594
2237
1755
9744
5525
3887
4247
4043
4308
9106
6151
6157
1131
5691
8363
253
4720
2901
9527
8244
8448
7369
72
3349
2606
747
9732
8669
8762
1274
4081
9729
4937
9949
2869
3232
4396
7732
3666
7791
1852
3511
1783
3207
1602
3523
5579
8821
9257
624
6090
3717
4526
6121
4582
2165
8339
2020
5048
8084
3363
2529
5807
1626
2995
7593
8461
266
9306
3389
6611
217
4491
9421
3421
5272
455
2971
1697
1977
2000
1976
280
1298
5621
4619
1123
2213
8554
7797
4685
5349
122
8265
5988
9006
4540
9445
4108
294
353
9279
4966
684
7793
4669
8835
8317
2874
5739
4161
6604
7465
8024
1194
4927
8936
8530
3469
7078
5038
1588
5853
7103
3460
9450
7805
4857
9823
9565
2180
1736
5902
9962
4786
6764
914
7827
1474
1316
8884
4541
6283
3554
1982
526
1770
5481
2665
323
3639
453
793
4074
6126
5002
5145
5990
3120
2752
9921
4228
9594
2670
7224
6330
3601
8152
4085
3030
2030
6476
6671
6183
8404
1466
3777
498
8712
7065
2254
1959
36
4266
6717
4821
934
8256
5689
1584
6944
9453
9692
2919
6031
5619
4381
6151
6836
5043
8092
8521
4749
628
1551
9580
8323
1609
703
9535
7835
2704
628
1117
179
8210
8675
4681
5791
3386
2864
4065
6801
4621
6037
9570
2137
7389
3220
7699
1590
2731
674
8043
3929
1844
7944
7640
9414
2853
6014
4535
2526
526
3318
9652
532
5486
6959
1023
1042
2157
8276
5838
1549
1775
2005
7881
1325
2004
2362
7849
8604
1481
6577
1465
5687
6195
5503
2379
2167
6859
8191
9989
2535
7885
3520
8942
1632
6167
8690
8886
361
4468
2079
9880
5955
3562
111
2073
2460
2369
7758
7945
4458
3511
9209
9560
2122
5029
2587
3049
8036
6404
2092
5849
611
407
9683
979
8843
6908
9028
4318
3316
8280
7493
5076
2278
7892
6907
9823
3488
8470
3797
8251
1967
9839
5317
6079
7306
6668
5377
6387
7794
3823
7244
8835
9635
6706
1191
6917
3504
9444
3858
1268
3650
7254
530
706
2188
3356
8284
2948
2496
8985
3529
3384
6519
9076
6628
9894
5444
2041
5044
627
4018
4107
8440
4783
6127
5800
5681
948
9487
1510
1010
4615
4537
7145
1932
8243
2684
1540
1116
4033
7723
8374
6533
7557
3355
7630
8522
2666
1938
8432
8211
9866
246
1632
6680
3628
9757
5553
538
8922
7720
792
2738
8850
2801
9486
7323
6019
9848
6263
1721
4449
408
289
8478
4389
6263
8654
900
1822
4607
4286
8507
2428
135
729
7646
5496
9877
3531
1594
5903
4985
7063
7348
4478
73
6406
198
5038
7773
7989
8034
8132
7481
2475
9927
8534
4381
9028
9771
4957
3609
4728
4094
1403
4073
9276
9
3634
831
321
699
1061
2949
3090
1121
856
7597
3208
6377
1837
4271
2492
32
593
9516
4245
7820
6176
5547
2118
7052
5051
6523
6086
7095
2601
564
1920
1437
6395
3957
7831
8502
9689
1839
7729
2431
3888
2009
7169
4149
592
397
7663
5084
6512
9070
895
4443
9537
2921
461
6992
7522
3057
6613
3528
2037
82
672
2458
8889
9480
6279
272
7370
7395
9341
6801
2266
7729
3230
5401
6049
7602
5336
8550
400
1529
7361
5778
2335
8184
3104
2770
8801
6207
1523
9852
8240
533
1047
3575
4297
6462
8037
8620
6736
8019
5747
1460
736
7060
9544
364
2404
8279
8815
270
1943
4971
6571
6885
1351
3161
2810
7930
2393
1943
1466
9325
2099
3530
1984
5341
1685
2900
4502
176
3410
8585
5499
1788
3694
709
9937
3095
1168
2781
3228
2665
6944
8661
9727
4319
6569
3300
9259
7470
436
8598
6110
4909
4772
1610
7663
3219
9993
9295
7041
3933
7393
6501
6257
2197
9040
8718
2610
2698
8397
3426
5820
893
1058
5778
2029
2890
2411
192
1406
3394
1754
466
125
9541
9850
514
5191
7373
7893
3129
7884
8211
7418
4219
8005
5247
1836
1572
9164
5391
5102
4066
912
246
4380
5606
5411
1353
1371
1462
5320
4479
6889
7879
1512
2498
3030
9728
2314
3220
2663
1545
3567
5125
5529
2570
4386
2457
4142
9192
2162
3096
2258
7089
2998
1560
385
2139
6686
9216
7273
3416
2425
5559
8968
4248
4215
849
8591
1016
8549
1964
6620
928
5264
3787
6188
4589
4290
6915
5335
1062
4987
2483
6485
3675
3602
3358
6342
4844
4291
1524
1508
2459
4558
4835
8818
7689
3320
8741
8556
9408
8116
8894
2166
1673
6411
2302
2053
216
5180
3301
8134
1732
4883
2655
3299
7220
1291
7676
1310
3314
6306
8784
1078
5296
7994
6831
4124
5470
1130
4008
9682
6349
1413
4081
8531
2901
5757
7952
1807
1184
5514
1569
7195
4777
5197
6207
9349
8204
1681
4686
1432
5795
8082
7635
934
766
5881
2480
9553
5663
649
3663
4086
9606
6907
3220
7800
723
4763
6927
5364
5504
4509
5713
5395
6394
872
4519
9507
8100
741
3016
135
8017
4993
3621
7198
3895
7123
6625
7228
1637
5724
7616
4617
7352
4241
7347
5921
811
7278
5583
6928
1565
8001
4448
7699
5413
1878
400
164
2969
8486
2983
6483
2351
7308
5047
5493
9654
1517
3879
6011
4224
1736
745
5346
4983
6627
7547
3708
6705
6751
3052
236
7390
5326
2590
6564
3715
8112
7543
5739
731
4462
9522
4112
4199
2588
188
9638
296
9721
407
9586
7204
9447
2580
2671
435
4529
2800
9011
6421
7887
7520
5595
3006
2074
4668
9227
4007
9793
8636
9992
3855
5787
9681
6419
5317
1766
7284
1081
2583
6555
235
4850
1034
7503
2646
255
7574
4931
7012
4003
1911
9266
4240
8520
8038
1027
6055
8728
138
7283
3921
3075
5896
7011
4948
8602
2929
2954
7648
4400
2731
9847
6067
8649
8147
3764
4454
5800
5482
3962
82
3385
6735
6672
833
2664
4773
9700
9294
2768
8028
596
4785
8034
1549
328
648
8386
2117
3572
2364
2521
1816
378
176
8208
8523
3079
3932
2759
9647
8548
49
7832
2125
9959
2374
5450
4729
9514
9013
8433
2984
3817
9410
6507
30
892
8816
4304
2694
921
9476
3610
360
9942
4662
7262
804
7365
7203
4975
9357
1726
6592
1991
7366
9105
91
2937
2860
4632
2928
9740
4010
3033
6554
5768
4251
8003
3626
4219
8748
2614
6468
7615
442
2467
4229
284
4649
8749
4560
9819
9116
5966
2342
3697
4327
8382
4557
5656
1103
975
5325
8953
5688
3775
4887
2412
920
6310
5175
308
364
4873
5529
7532
2927
1586
5738
4312
8121
7682
3910
5674
8899
95
2434
3374
2332
5353
6709
2190
2882
2447
2114
491
9566
258
9762
188
944
1898
26
3806
5979
9476
8330
66
5365
2924
595
2964
7893
3181
6672
1336
9883
3164
7548
8598
7195
7192
1602
4848
45
5362
775
6354
8348
8864
4244
1535
8408
2187
1399
2952
8445
4946
8023
9609
4831
924
9091
7758
1424
6579
6572
2264
30
3359
639
6584
1498
3297
8074
3649
1430
1497
4896
7829
2733
5482
9943
2756
2842
180
2633
4572
2992
8116
4876
7545
5704
9335
5019
5823
5956
2632
1969
7383
7281
1609
1622
8101
6599
4907
9722
8055
1978
9019
7221
8561
8879
1019
8623
2295
6178
9240
9547
5601
4053
825
2068
2628
4288
1156
9177
6970
5376
3506
9715
6694
8675
3456
2845
4633
292
7614
9607
5062
7311
5697
5394
8382
4015
6655
8537
2563
3121
9858
5965
8667
6581
5227
2482
2139
3896
65
7097
2579
5844
6103
8915
438
6390
6285
6762
6214
8165
2420
1804
402
2317
1887
2572
8686
4497
9375
4775
3581
3981
75
3701
4398
3919
9354
7274
4475
3964
4993
1419
1736
5080
9034
3943
6098
3274
7352
3235
2725
3888
1624
4946
7178
8665
9107
86
8641
3488
7634
7702
3652
882
5681
6739
2061
2870
8505
3808
5812
8067
6269
2875
8834
2370
5508
6899
945
7707
6829
4303
9807
517
1909
8955
2940
687
7465
8287
6378
9452
2662
802
2367
9432
365
616
9073
1202
8299
2264
2033
6595
1989
8365
4932
9514
6284
3799
8716
411
4184
2199
9206
8472
4511
2665
599
5681
8083
5909
6075
2607
2593
4749
6617
9853
1873
9914
3229
5731
7208
6169
3353
8709
5392
5750
2452
1271
862
2302
9379
2428
2349
5601
8456
9427
1611
2426
1609
6115
5615
1194
5711
1866
7257
3371
2330
3773
3828
3907
1000
2600
4581
1632
3705
534
9893
5217
6198
8987
7908
2389
142
3341
9350
6861
5962
2110
4482
3221
8415
5656
4885
3315
1281
635
6870
1679
4732
7758
2414
6101
5584
3329
2306
5817
2235
3840
6677
5710
7363
1927
4863
6769
2815
793
2789
9096
1384
5964
1328
1937
9987
977
6476
2472
5615
9056
6471
7271
9840
5000
2455
2487
3678
41
3776
9479
5341
9073
3195
1694
2867
661
9455
3825
9836
8881
1980
4348
6702
4809
1588
2517
6760
200
1057
8053
3538
1124
3952
6490
5081
2155
6547
4921
8756
4666
5680
6835
7375
3247
1679
3914
9935
2793
435
8949
8179
8646
1743
9586
3958
451
8912
6069
9348
697
8166
7116
3885
1929
8361
1161
5433
5256
8884
1055
7871
2164
1887
9973
7910
376
6521
4184
4465
1620
6960
8343
5972
9637
3195
8406
9451
8979
8754
3191
755
1035
8870
4155
9830
2728
4567
4674
1018
7040
3890
7681
8299
2475
8943
8570
7465
9262
4713
2171
537
3491
3534
33
1446
2703
1019
5035
1698
9216
5088
7316
9859
3921
7016
1101
8353
5710
5657
3564
278
9275
1824
1531
4284
6371
306
964
5929
4016
2809
7271
1844
44
1317
2786
7585
5839
2267
4217
8417
9375
6889
4549
7854
7019
46
4519
4164
2694
924
1418
4689
5820
7842
1234
97
6773
5072
7701
6060
1026
3457
5777
3557
7331
6970
5690
6715
4645
7692
9255
2569
8808
3955
451
4828
9435
8352
5023
4245
6649
6165
922
6304
1874
1172
2615
4111
1265
4044
2863
1202
8003
1503
6879
495
7710
186
2441
9553
4290
248
935
7620
9784
5592
4854
683
4957
1192
5718
5234
0
4591
4982
3356
7240
7838
519
3537
7553
9466
677
6466
9976
6265
6034
8951
1176
6812
3306
6993
8094
7002
5622
1835
6554
3706
5989
6362
8362
2977
8573
6610
3856
6295
2147
4097
6315
3187
5793
3847
2946
3724
8399
4311
5312
4654
9589
4759
1054
711
5641
4808
8376
4122
2932
4385
6874
6149
7012
6323
5041
3161
1254
8002
7021
9855
2530
2091
3393
4994
8214
9498
2895
5757
6287
7450
2040
323
3340
7587
6257
4033
70
8585
6451
8366
3980
9718
8527
2558
5861
9208
8030
666
7169
2629
9042
502
906
8679
4453
6522
2153
2492
5103
8638
49
9015
3488
4786
1963
8505
7076
8038
5573
5868
9981
1655
6532
164
1365
2822
4545
4555
7902
354
8870
1071
6041
9301
3205
3475
5914
8369
7782
7992
5941
2374
7584
9984
8523
9864
3328
3974
771
3453
2177
3545
8752
4399
5463
8082
812
4913
8132
5705
2675
5433
791
6961
2848
9130
5488
2751
2906
5255
8300
5576
6475
6222
1963
7945
5460
1381
6373
7394
9802
1756
9918
990
7251
9176
7545
4050
2764
1962
7800
6383
7112
2049
7564
5745
7128
9653
1604
8573
1224
5852
1901
2184
8466
5104
812
6025
8740
939
2641
2842
4059
1001
4985
5927
1967
9030
9123
4302
9884
8755
1846
1551
7523
6000
6786
5050
2364
1097
4156
8457
8136
7447
8611
5558
3662
5578
2813
7078
539
8068
833
3217
1708
7845
9032
3591
2150
9180
4571
4013
2415
5654
4055
8234
8064
3378
5948
5060
1706
2088
4417
5875
526
2526
9505
6100
8517
3463
2318
6197
2545
9114
9003
5705
1970
6301
4689
254
8902
7906
7347
2560
3686
5637
8449
4472
825
5112
4786
1524
8970
6877
635
3049
8323
5813
7210
5701
2441
3281
8370
5932
1583
6316
8872
9800
1078
6702
987
6608
7690
1185
6738
3720
6345
790
6749
3762
9103
8513
6822
8077
7672
2975
7833
3790
935
3038
9928
1169
3010
9057
6444
6094
1401
9744
8064
6403
5058
809
1557
6727
5839
7349
6312
1762
3252
9879
4074
1791
2594
7972
2432
2332
4799
5146
9734
4758
6049
116
6327
4444
8709
4859
5774
9456
8444
3728
2758
8895
7113
1451
7499
5137
7013
2055
1679
5108
4671
8848
9141
6938
6643
7669
5159
5553
154
9899
3781
4474
5768
6166
2628
9691
2385
1992
4240
481
8927
3011
2786
7591
2211
128
4650
9279
1265
4015
9809
2187
8775
4150
9915
6771
7197
346
2552
5746
8318
9164
4921
9394
7705
9359
475
7892
5428
337
4474
6083
7682
5143
87
3560
2951
6974
7784
5582
2079
6124
2021
1895
2197
3991
1301
7060
4250
4937
4058
9471
491
3324
1654
1336
4746
7667
2692
3792
8574
549
88
1471
2084
5615
7193
5047
5543
2190
8070
9284
6279
2214
6455
273
1042
134
2822
6456
2942
6026
5029
8679
7798
6423
381
3358
1148
9145
4437
224
8854
6781
8219
6367
1322
7330
954
4716
4382
2990
9152
8086
5856
1486
1988
5160
3471
9259
3209
3579
1589
8146
3983
7056
4415
4188
6153
1786
8288
9324
7006
4559
733
1244
6931
837
8010
8312
5903
9392
8736
5420
2280
4479
4046
8959
7547
7163
1929
5559
6977
2362
7295
6859
6840
946
3890
6459
5867
7169
1760
8764
3860
6875
9849
6933
2127
5311
4437
7913
3158
7462
4591
3176
4535
5063
471
250
2707
6671
4198
271
6263
2297
2043
5031
3193
9638
8107
8811
4826
881
6719
5325
1456
5760
4157
3890
4656
5671
5042
7871
3888
7771
2547
742
2729
1026
759
7777
4863
856
2635
2543
6856
2095
9149
2247
9965
2984
6505
7290
8168
5372
2186
2594
1339
6661
6706
7068
4619
1338
618
8287
4342
7802
6595
1884
4422
6238
3488
430
7602
7142
7223
9438
8385
1314
5669
9309
6472
4085
5575
3023
717
284
4290
2990
7318
7374
4807
4431
7471
6119
3315
2026
7603
9671
7776
2214
2188
4939
603
5323
1038
5422
5936
146
8835
824
1274
820
1452
7424
5110
7259
3847
5704
8941
8677
9533
2994
1364
9000
3242
7192
4062
1313
9523
2008
6759
450
7344
774
6881
5500
3147
9594
2271
2324
725
399
5247
8531
8741
6423
9511
2518
8794
9160
8859
6170
7324
6952
729
5101
6756
697
490
9799
7331
5726
1238
906
7696
8184
4743
4126
6612
2072
9047
7514
7959
2158
6265
5717
2922
6575
4772
8549
2775
3314
7355
9685
381
9844
1725
3247
9867
1541
6696
2155
8053
8171
5470
8866
3137
7570
504
6782
3100
85
3607
3573
6808
3834
9066
9154
2107
6220
6
8632
4051
4199
8419
4298
8860
9556
7317
6743
2650
4543
1168
144
7951
7517
478
3172
5611
8280
2350
5993
6373
2819
1312
6941
1538
702
7991
9236
3835
5322
3259
1195
1713
6793
5117
5747
1881
3279
1362
7441
6657
2212
197
4378
5234
2746
5507
7237
6156
1986
8763
2550
4872
2512
6551
4130
5381
2429
6731
2715
5744
3678
7910
5022
6481
2528
9569
6307
2166
5381
414
7635
1622
354
9902
8876
5239
5321
3772
1056
9142
6284
9333
7274
5512
6830
2417
7821
3744
8506
3736
1590
1564
730
3544
5466
7631
5253
7174
8177
8509
1309
9197
1142
6815
5475
7516
3569
2952
3154
399
4207
7188
759
701
2073
5290
5093
2332
6616
7010
1462
3224
7406
5247
7636
6376
5505
8363
9374
5532
1620
3947
2690
9641
3622
2782
527
5278
5864
5918
9423
2173
8019
6513
8919
3755
9679
2369
4755
6789
7907
994
1798
1350
9200
7873
3861
8688
7036
9191
272
7591
1328
4683
7899
1182
2270
8392
2341
5853
259
4661
8844
833
8536
7084
3984
2068
8263
735
5908
7849
3331
8487
3009
3465
7884
6266
6391
6615
844
4014
4708
6363
3483
706
5624
1904
428
642
1567
2211
1659
121
3670
1997
4138
7408
1144
4890
6915
7745
2772
2838
148
3456
58
9895
1494
2355
5823
6740
5230
9600
3283
8846
3501
19
2376
3282
8511
2105
5285
8526
1586
4973
3734
8121
4021
6619
5173
3040
3575
45
8467
6883
7760
7003
9129
4423
9731
1639
8951
3834
3547
6892
7271
184
1844
6935
4046
8365
1863
7041
7466
759
9767
1973
7620
4081
8756
4464
913
9632
8005
2289
7590
7382
3770
4211
5430
3101
1457
2813
2922
2368
6289
4964
9360
3623
397
9779
3129
8033
3575
4621
9148
2050
1404
2830
4347
9768
6912
7575
9065
8587
4981
2040
2876
657
1071
9738
6546
6307
7953
6183
9855
2065
2322
3850
3052
8867
94
173
1124
7747
4078
678
4943
5026
6548
2011
8970
631
9474
3022
6386
315
9396
798
3209
5080
3791
4070
1505
7973
2439
5589
7261
6151
2923
1545
4018
7603
4571
2300
3566
9472
1957
8376
9462
6762
6912
363
4949
2124
6738
5117
9414
8163
4138
8283
6036
6437
6937
5983
7383
4977
9951
5571
4588
3532
4729
4004
1947
982
8673
3195
3681
9577
7130
2674
2142
5797
8532
2055
4898
6989
3270
8306
1518
1374
7844
6268
1137
9241
2077
416
3704
2957
14
9598
2489
3753
9225
8377
6417
2051
7117
1548
3602
4021
7172
5937
7017
7173
8398
9819
5278
4405
5699
1201
8334
2966
1820
4202
8350
8256
1573
4001
5983
3438
9339
1047
6460
1667
4928
7864
7981
6178
1692
6703
9550
9204
3583
5878
2023
1328
2322
2210
7948
4756
3762
9545
5499
9495
5060
3033
2144
1110
9727
1047
4972
2075
4031
8146
6789
812
5507
664
7932
5974
7797
2863
4561
7996
4914
8093
1803
3337
8337
1035
6308
6419
1837
587
3296
1253
9004
5287
5566
9450
9093
7597
8363
3279
1096
6634
1066
9677
2458
2617
7789
1571
9127
2417
2197
1715
3421
7506
6352
1176
2265
9874
462
4889
7312
6791
6124
4050
9892
7255
5524
382
8696
767
6865
8549
4708
3207
6348
9911
8675
7052
4509
7374
4028
1819
434
530
8289
9349
8664
3021
5936
8266
2521
276
7674
8217
9682
9645
6078
7374
9029
3039
7153
3651
2592
6779
2587
1943
466
8951
7535
2983
512
4540
1420
2451
141
1424
2186
7447
1804
2018
7905
9248
8204
3404
9642
858
5322
9727
6119
628
1080
6477
5662
9589
4181
5084
5477
3884
1322
5172
1108
1325
54
7283
1052
5053
1235
8892
5647
3679
6885
6408
4793
1434
6070
7818
5756
8957
972
6248
553
6476
3686
7860
241
2930
7574
1920
1804
8093
8183
7414
2310
7824
1331
8972
7780
6457
9934
4340
3492
2607
8210
6935
8055
826
5771
6763
1055
9190
4671
5426
2756
6500
2362
2643
9484
1615
8068
8346
1431
2229
1477
6847
2569
5130
9739
4013
2934
2221
9898
7790
3781
5971
9094
476
7004
5954
8092
3333
1227
5367
9473
9004
1465
6486
3331
4090
4094
7040
4517
6120
6479
6166
807
4445
8921
2883
5605
7358
8019
1414
4424
5771
2643
8609
404
2861
5320
4407
262
1594
6923
3746
1702
4877
4541
9376
4081
3578
3552
4160
1478
5373
4926
3224
1855
5074
1225
4001
8245
2104
5008
532
4882
3226
3097
4864
6745
4128
6701
4204
1389
4942
2442
8582
9707
9224
2668
6609
750
6653
7156
3848
1091
2586
5291
782
3421
6746
137
870
1280
5436
9476
562
5793
7891
7217
3657
5823
8578
5366
5531
8342
3154
1576
8851
7894
7943
7999
5901
3385
7900
8206
8381
1631
9093
261
7038
5044
4730
9505
6969
866
6628
5767
7456
8849
3938
405
8910
3244
8066
9650
5982
3474
7436
7134
887
4779
9135
3038
6214
4657
8341
9911
541
5709
7120
7764
5210
8066
7207
6808
7369
7823
9451
8696
1502
2251
6698
2605
8826
2135
1693
6255
8963
9535
6215
330
5705
7136
3242
5096
4004
9738
7653
758
4778
3345
8255
9701
6715
5221
4076
4190
5889
7298
9591
3174
9218
7778
6677
7196
4149
5597
988
8101
3834
3033
7326
8442
2959
199
2216
4273
8192
764
618
1297
9299
4854
7008
4475
5129
7075
5882
5561
8184
6312
3950
2538
9552
7752
9174
3039
2397
5201
609
9482
1822
5121
4034
9521
7160
9310
2678
7230
8881
3693
8454
6348
838
231
1332
5203
4555
3896
1828
5992
3839
4203
1326
1734
3840
8045
9040
978
9733
1991
9895
9525
9322
3641
3382
3184
1866
9725
1432
6032
2188
4211
594
4799
4325
6201
6568
5850
5580
7462
8385
7511
2290
3514
7057
8776
8287
9055
3375
421
5542
2535
2705
8611
3744
5680
3717
4462
3546
362
5140
4028
765
7971
9862
2848
7861
5464
4602
3153
5713
8802
9121
8365
1845
49
7922
4900
7183
4236
5370
5199
2889
7544
3365
2199
8663
9952
1606
5640
5289
7984
4346
7451
916
1005
7747
5115
8983
1663
2866
4871
9233
8016
4103
2152
2349
6
1057
4128
1544
5759
5754
4592
5192
880
2421
1447
7766
7451
3272
1303
7431
4229
4679
4092
8027
9358
6424
3402
4129
2263
7058
2438
9973
6329
662
4365
6349
6705
766
5183
1858
4148
5925
5531
2079
6130
9455
9952
5350
4854
334
103
665
5130
7694
8663
3441
5641
4449
546
4004
1069
7647
2908
849
4874
3808
4601
3569
6542
3371
4000
7439
5629
6713
7027
2978
1890
4442
2609
1580
3207
3817
7582
1985
1010
410
1278
9923
3500
8442
2780
9311
8419
9578
8788
6697
8057
8509
1003
7916
7885
5235
2981
4190
9899
871
1898
6045
4533
8134
8397
4093
6074
6868
1788
4865
1600
8926
7769
8817
220
6889
2583
5917
7892
3931
9116
5733
4474
1415
8158
7784
7365
2860
4320
3204
9393
8932
7248
8907
4543
5997
7264
726
7803
9218
6341
4744
5621
4352
1459
6350
5779
4485
5687
1452
6862
741
4538
7076
4943
2623
6238
108
4471
2565
8635
4143
8736
709
1950
8192
7103
4389
992
6160
8335
8115
9132
4482
1695
1703
1235
7279
6012
5414
4433
8297
3386
5114
1563
7519
3822
306
8565
2919
6603
4521
8994
9400
713
2348
7809
1018
5746
9574
8979
8949
1485
3797
3152
5862
2038
703
3534
2742
913
7471
1658
9240
1577
9931
5215
3752
4252
8731
3421
2028
3882
3690
8295
2037
9785
6163
7357
5969
2097
137
5601
16
2974
5133
3729
2767
9100
2554
8532
4465
1133
9785
164
5201
9140
3649
6689
352
5858
7487
2805
4513
3290
7598
9919
8798
485
2285
9426
6300
2674
3077
5964
9809
2891
364
4460
5644
7650
9519
6046
5664
3114
3528
267
5958
1279
3426
3584
1181
2946
4919
5491
4793
7394
1900
704
6326
3222
8397
1069
8770
6506
8118
858
1085
3962
2984
6652
7282
6810
8454
25
7111
7101
1548
6882
8329
333
4382
1961
8762
5603
6436
6348
1066
8661
6288
2272
7398
8590
1076
5667
9049
5617
6033
1442
4872
7419
1561
7079
7269
8314
197
8612
4132
8787
4094
743
5881
2022
4465
985
8169
5614
3445
4552
5455
4228
1323
4034
6623
5623
9869
9844
6932
8423
5323
2154
6645
917
5968
5993
5644
4666
565
9311
9246
7507
292
6047
9769
9564
2615
8103
3433
1948
1824
211
5357
2872
4052
6837
4977
1617
9995
3692
2194
8495
8931
6744
6013
7592
3514
9244
5837
7621
4120
7652
2264
5953
1954
7776
5230
4012
1957
285
9987
4850
596
9063
6263
2047
3021
7204
6429
1995
2783
5523
6279
804
4476
5389
930
3461
5086
2015
2802
1943
883
1427
1711
9882
5840
5866
9896
923
3619
8375
359
8779
1352
8310
8565
5909
535
7825
9123
2181
1853
287
3383
1286
3603
4029
678
7838
9000
9782
7734
229
3491
854
7963
8453
3014
9267
6129
4525
7099
199
8054
6068
682
6492
4691
4242
5265
2921
8552
662
2702
4231
344
5284
8024
7963
8161
6934
2459
1964
6116
8167
8211
1697
1271
2435
4831
2751
561
3238
6808
6113
646
2743
6260
6629
3170
446
2348
4261
4028
5875
252
3933
699
3924
3903
7130
3438
548
6621
2308
3813
5005
239
1484
6765
5331
5247
6355
6794
9516
2257
1758
3683
9605
7017
2639
8090
8890
1386
5657
3599
713
5184
1830
8527
8426
1733
2190
4427
8837
5830
1703
6203
4682
830
6587
1671
9919
325
5288
5766
9221
5454
513
7630
5780
5883
8408
9062
3257
5118
6455
6090
2989
7650
5022
6360
1727
4898
4070
7508
8438
85
593
2926
8730
4788
1824
265
6255
4111
4741
542
8505
9095
9359
9877
7398
2291
8807
7494
4251
5678
3696
318
8642
6596
9699
727
748
7253
7899
6062
7745
3249
4270
394
1812
7475
372
2461
247
4832
1288
8
4659
8017
4377
1722
3305
4808
3837
5438
4873
466
372
5047
5246
4514
3557
877
8899
207
3182
7325
3260
8860
5955
3266
8855
1167
3877
526
4717
4596
9024
8511
7490
2856
5524
4374
7460
6492
4473
2617
2085
4634
2437
5827
3768
565
7812
6116
1307
3345
2556
5240
2094
8086
3442
6028
1318
3148
674
5397
1218
2120
798
2213
396
253
5803
4684
5354
836
4855
9387
8554
1722
8784
6283
4734
159
4599
2966
9458
7714
6637
2569
8898
6912
9860
550
6885
2405
4562
9635
4298
3880
8000
321
7306
2439
1722
4404
3449
1994
6947
84
6877
1256
921
5374
7860
5781
6616
4508
4772
5353
1519
8500
1361
78
6544
351
5986
1626
9108
6235
6179
2487
1015
6305
3176
6870
9179
3651
4862
4240
504
5061
897
370
1651
4215
4463
3033
5210
7907
3610
2903
3587
5795
4099
5372
611
6250
8060
8237
7176
2579
8505
2506
4277
7888
3868
7447
7750
576
5113
9338
2308
4004
5999
8791
7390
321
8466
9278
2127
340
1229
9844
9316
3580
6523
8629
5301
4438
9610
173
7240
1098
8511
9499
2081
4601
9842
3043
8222
4685
5497
5933
2436
8955
2378
5804
4169
7301
8047
6355
216
7092
7560
6597
5020
7798
1631
4048
8003
4650
3413
949
8492
5103
7593
7658
243
4735
808
2024
5782
7821
8739
1230
2202
2485
5003
5631
4860
3171
9755
422
614
3086
6614
9251
1937
3860
8778
5760
3763
6173
8250
8660
92
6480
9136
7913
8851
8885
5078
4902
626
3703
6869
526
9708
3024
7756
201
9966
3561
8879
945
8877
5216
3020
6947
2593
5758
6164
7126
8516
6419
8167
5496
783
1010
1292
4862
4352
704
5744
6967
5093
1474
9381
9919
5824
1835
7834
1279
3811
1064
1616
8804
4994
3281
3063
5737
1478
7268
5960
6913
5130
2162
2344
7476
6351
5301
3997
3971
9247
9641
2566
6705
607
5138
3271
2230
5154
7448
6252
6950
3305
886
2357
3520
2064
5213
425
4591
8629
9675
900
842
9305
7246
5297
9587
1032
5364
1201
2502
1590
967
9607
7607
5685
7441
4731
5276
3100
6168
7057
5793
3265
224
7268
1642
6173
430
708
3465
1728
2075
503
7751
7697
7034
9090
3473
6143
480
2363
9850
4261
7957
608
9403
6133
5995
9651
11
2115
2400
7935
7424
3934
4624
7661
6277
6005
7224
679
6799
9981
9344
4022
1433
2250
9634
5540
3686
1825
2527
129
957
1043
9675
9429
3650
9400
7981
8522
9047
1191
9984
8244
2895
7392
1771
2050
1765
5666
9237
9774
4955
3694
9851
4955
1065
8808
7704
9670
5290
891
7569
1128
9630
744
6333
6972
6896
3236
2307
9555
7649
2415
3303
6910
4909
8395
4218
4952
7959
438
6748
2106
8713
320
6894
364
7863
2281
3988
218
3116
5173
3903
796
7730
8063
1164
6547
429
6932
4578
9629
3914
9545
9704
4859
1498
7879
1941
6089
994
8183
575
8902
768
2759
1585
1761
9716
3393
3277
8750
3569
8588
6150
9780
1482
5396
917
1240
1505
5409
122
2830
6778
2517
955
6620
163
8001
9044
2172
3611
6946
3566
1389
1459
897
639
8648
5316
2397
2323
2115
9149
6315
5842
3719
5779
3549
6697
2596
9135
7269
2474
6859
3393
417
2391
3092
5709
3138
9120
6518
8885
6180
5153
8766
317
6293
313
9584
7441
8377
4862
6880
725
272
198
38
7864
905
4964
6897
6096
557
6533
8069
3631
1497
4685
1947
8261
5730
7833
7474
3846
4497
5509
4179
3330
4645
5991
3334
3713
1067
9545
1533
8752
1365
110
6269
8133
294
7032
8346
3867
5660
2521
7925
2600
7768
9431
9267
7513
7055
8674
9202
5279
9127
7466
2451
7706
6632
7117
9769
6055
8069
8827
9401
7335
5960
7124
830
802
8236
8409
8050
4486
2821
2025
4787
718
2562
8904
9161
2419
414
1915
6251
563
166
4072
5774
7739
5794
3564
3938
9285
9177
4085
6449
2739
8332
9768
875
3008
5261
1324
5423
9786
8265
7438
7928
9661
5395
4126
211
89
8307
8777
7592
6148
8898
9919
5278
495
5258
3212
4324
1909
9062
21
7704
7439
7688
7412
2461
1131
1387
7019
1623
5539
6891
1243
1560
9891
9864
1396
9257
3004
3765
8242
930
164
2478
2801
6979
6270
8454
1285
6663
5931
266
6446
2435
9090
5427
227
3560
7839
1060
9638
1300
4905
7986
7200
7209
8517
4460
4892
1787
115
250
4447
346
8276
9608
7464
9316
9472
2478
2805
8988
956
7385
4722
8554
8690
102
3288
2488
6691
41
1743
2477
7647
5615
6797
8719
8825
6444
5691
263
9845
7724
6416
8252
5595
5718
7346
9040
6182
4856
6118
4253
2826
6713
9339
2936
8084
2752
3768
6756
4014
8684
759
8353
1247
5791
5955
7386
6139
1171
3539
590
1937
1510
6409
6238
6638
2551
9716
3753
7493
6135
1907
6002
9144
9101
7608
1048
3457
2220
5399
9028
1244
1919
9064
3215
3236
1768
7787
5966
6743
8998
4538
5751
4454
1406
2738
1871
382
1137
2756
871
3514
6376
8430
9835
683
9025
9377
5743
9792
9985
9663
1269
6708
6836
8165
1125
9511
5792
7940
7795
102
6569
5105
503
7515
3476
4586
5394
7447
9435
519
6003
3375
4032
5736
5779
4597
1178
1939
3859
5463
7218
6325
5597
3201
983
7653
4586
7410
4173
176
8964
1633
2163
3564
2545
8955
5590
7051
8032
7997
5241
6865
2104
6047
6847
1130
2568
2492
8438
3805
5730
517
1587
7865
6466
8265
1267
5518
6477
7367
6457
7527
2683
9676
1197
4240
1923
3979
4605
5032
7051
5638
8254
7339
5184
9112
9684
875
2481
5575
8943
2244
9672
1014
1323
5948
3453
1612
515
3869
4817
5548
5705
5792
2214
5043
3417
6055
7011
7507
1942
4127
3471
7171
8794
2710
5835
3763
3077
6756
5031
4955
7404
5564
4626
8158
1238
633
4664
9216
8541
8778
9923
6283
1721
9579
6481
7391
7753
4144
709
4327
6415
8377
4477
2038
7610
7716
7695
6960
5082
6451
6096
1776
8912
5693
4559
8302
6919
2117
4857
5694
4976
2269
173
9504
9568
2423
7908
437
8629
4140
7585
6761
9494
5143
9784
1270
7180
8929
8290
131
1062
3862
3826
6928
820
153
3636
2742
5460
3888
1769
4072
87
103
3364
4991
8710
6031
5822
224
5994
6375
3966
6435
5842
4539
7635
1021
3141
2810
6115
1577
4486
8504
9080
163
431
9255
3250
5420
4904
3099
6744
9627
4490
2843
4397
7525
5033
6103
1566
569
1727
8194
8735
7154
8936
223
8342
8625
5868
383
8897
639
9526
8285
726
3671
9668
1784
9098
7642
6107
1567
2911
7306
5121
6930
5720
7086
3646
4337
5045
4275
1984
7374
7111
3470
1025
9003
5169
3056
629
702
1340
6985
6174
3610
1524
3167
5206
7200
4688
7406
4405
5683
4491
1849
913
2979
4395
9856
7735
7048
3589
2218
5254
9103
9494
101
1025
5909
8918
613
5854
1522
7680
7818
5201
2950
9456
2288
8657
8859
1171
7848
911
8481
657
6530
4802
8268
8975
2774
3528
3104
778
914
4279
3788
8685
4193
748
377
6175
4591
9150
4104
426
5036
9778
1605
8902
9800
4396
3535
4275
1030
7493
4427
6048
8817
8010
8255
2420
5477
9593
6288
6379
5753
6260
6283
3573
6255
3218
4581
6067
70
5807
5519
8967
4780
5878
4318
7128
4568
9272
5942
7601
2490
5101
2448
7824
1409
9847
1534
3333
9546
3272
6341
2389
5608
6219
9009
7482
7217
7792
5392
830
271
8944
5314
3007
3404
2953
7423
4957
2738
8346
6725
823
9235
1142
4537
647
8630
3242
1767
8505
2352
7203
9828
3888
5682
3870
6645
2293
2322
1464
5290
7448
2912
2840
6050
2767
4067
5511
4871
3818
326
7114
7687
6898
490
2520
1465
5953
5297
9301
9200
2378
5676
4953
262
624
5259
6364
8140
8767
9432
2076
4404
3548
445
5791
4537
4340
9123
5122
4892
7769
2160
554
9641
3097
3325
42
7177
1920
8389
8365
3510
3877
8621
4259
2987
6338
776
1011
6375
6332
7420
4297
8670
8809
5100
6185
5209
1624
7385
5919
7208
4018
5550
2863
7224
122
2050
6771
9180
8546
4843
3170
6882
8648
7905
9006
1988
2195
4231
3931
7024
4714
1875
4819
9086
6139
41
5939
5812
2465
1517
5404
6301
9266
9887
9964
3573
7490
7746
7986
6839
2031
1644
5821
8262
6481
1657
7600
150
9637
4265
7545
264
3124
7869
3554
5412
4460
9009
7184
5975
2811
378
7876
1178
3302
5479
1868
3620
9380
1000
6974
3114
5740
5902
2969
6523
369
2291
3773
8592
1334
7416
1037
8532
1897
8601
1055
8172
4286
1398
7727
8763
2545
9081
5186
7451
6375
2883
8881
9623
154
7579
4717
9178
4833
5511
4987
2014
8259
1117
4593
5478
2316
507
7886
5993
1302
7577
8527
9938
807
3497
4202
8372
5385
9695
834
8154
3619
3314
365
1822
4281
3095
9214
5659
5405
6834
2047
6441
8894
2596
7125
3050
1650
2007
3687
1324
4147
7571
6726
1014
1991
1526
6499
9744
3924
8972
2604
3739
1607
1179
2009
7500
8146
3631
4639
7681
6489
3221
2851
6501
4977
4110
4290
2507
8139
2798
8322
2470
3976
7415
6747
8888
9751
5363
5788
2888
999
6366
3410
7398
187
7134
6872
1586
3670
3560
5614
8220
6909
9047
6985
1420
8774
2440
6922
5546
866
1400
3565
3244
7854
1116
8099
9324
3437
29
1531
31
1442
8617
5124
9442
5734
7907
3743
7328
8344
464
2952
6008
4945
8108
8565
400
3354
8149
4423
3213
1507
3470
1138
3133
1631
3453
9633
8424
1203
9399
4109
5745
8974
4666
676
8050
5030
7031
9437
2918
5251
5278
6844
4110
8067
8874
937
1520
4219
646
462
2441
257
9308
8967
3471
7208
3558
5454
3994
617
7280
582
2460
9911
4560
1459
6892
3737
1678
6758
3661
8025
3696
3656
2800
6116
8383
5473
1702
4409
4772
3314
965
2450
985
7920
9974
4482
7257
9662
3733
469
5575
5761
7399
7348
5666
5765
4587
5467
3379
6991
2142
9716
9411
3023
6594
6810
5129
4282
9350
5010
4096
5516
6832
8012
7595
8655
2241
5403
1062
6907
8852
2453
241
2133
5351
9195
6080
9270
8621
9886
5348
9038
4888
5364
6769
5805
1740
8866
1245
5345
8469
6829
8776
5964
6621
5721
7602
9379
1692
6530
6409
9737
7017
7371
4621
6504
8210
4396
4314
8810
1451
1989
1919
217
630
8593
5820
6701
7972
3271
4632
2778
3247
3004
1913
3324
7149
7416
2912
8027
1263
7377
7116
9298
1209
8399
6130
991
6289
8346
4757
9467
477
5186
6813
8445
6823
8661
1575
7247
6840
6143
5394
5917
9836
2820
3884
6358
1388
4440
3014
5038
1412
2346
3681
2016
4261
7753
3122
8829
2541
3964
8420
3195
9371
4114
9347
9985
5229
1637
1315
9657
3633
5494
3591
5510
9919
8945
4672
548
3719
2923
261
4749
1368
9561
5643
3480
4986
4064
6263
9635
168
3106
1477
1522
4121
8517
651
3584
5830
8711
6514
6911
2477
9046
193
4206
746
4455
8790
427
5175
5817
1740
7817
1440
8931
9990
4313
2147
8394
1584
2013
2437
8518
4834
9333
1547
2841
6030
8943
4153
6368
6917
7500
7118
1184
5371
9939
6886
6979
7148
7228
6346
6800
4700
9831
6966
3718
1902
6077
5834
6687
3287
717
9234
4071
356
9749
8073
8936
3634
74
6048
1472
1889
58
2323
9629
1659
2757
1152
7069
9437
7325
1519
394
204
9768
908
8253
1147
3343
3743
2224
4559
8293
3680
809
9035
8187
9497
4324
4698
2889
3126
1139
6051
5259
9361
3438
8032
3025
6195
4797
2998
273
2821
4825
9863
4659
3321
2448
4916
9386
2290
2922
2387
232
5979
4153
363
9633
5191
4817
4405
8958
4383
7800
1601
3850
8261
4124
4307
5353
927
5292
6789
1190
4111
2966
9470
9614
107
7555
9206
2097
6739
2946
4419
5983
8454
7168
4304
4814
8060
4202
1748
3678
9159
5779
191
86
8049
7390
7811
5323
1142
1240
9230
4281
5271
2405
8594
2886
5125
7884
8077
2397
7410
386
2079
2022
4200
4440
5806
1408
27
1180
197
4731
7
3907
6582
5779
1389
6317
1862
3518
8020
5252
9270
3854
9402
2847
7340
1816
9529
4422
9469
4265
449
5040
7354
8998
2284
8186
3610
1207
7504
8041
2511
4832
6322
5724
6988
5413
7033
5726
8652
8397
5842
5059
5130
12
6002
6529
4729
5251
2900
2802
3660
8094
2295
9093
3177
6333
8888
8768
6109
429
9587
9005
1053
1381
2481
4840
7238
435
5124
6609
4533
6422
5752
9346
6591
7450
2278
6106
6987
4649
4612
8009
8248
4786
3915
9870
6785
5645
5710
1397
3040
9373
9058
7648
4635
3352
1840
3454
7887
1478
5453
4048
2920
2452
702
621
6204
8941
7705
4750
8465
2880
9349
6154
1253
7916
5075
8740
1750
3712
4722
845
7556
5294
5137
8300
628
1673
5923
8009
8088
4621
558
2106
2904
4035
8554
6012
4832
3782
1070
9694
9405
5465
355
2258
8778
23
5349
3793
8714
8265
3647
4141
8046
9329
1752
4271
7584
9664
7880
3230
2824
2531
2625
4447
6440
6840
7902
1732
9223
8053
9469
4448
1091
9043
777
9333
3554
9495
4875
700
2273
5542
753
781
687
9154
3755
7866
7657
8025
376
23
9672
9776
7472
3961
1497
2964
3607
7071
4630
7219
1356
1465
7379
6624
7990
1020
9111
7931
3376
4812
9942
1260
9831
4885
303
3205
2789
1535
5547
8399
8282
9904
1115
3679
5917
9473
4375
372
2286
8548
2569
2009
1645
7835
6563
7971
488
6477
5898
3262
3361
7569
2719
3875
5373
1015
1654
63
8520
4630
2428
8223
2789
2843
5212
9395
5558
4942
5241
8334
224
2581
5537
479
9613
5696
7239
3411
1754
3124
2447
1915
2077
8882
8415
4232
5615
1577
5310
3795
3098
2331
5496
2435
2209
2141
7391
4072
937
432
5251
6201
5695
4591
8108
3871
4905
8952
2444
8112
1081
9605
1519
5645
9054
8794
7349
6352
5883
918
2571
2476
3356
8819
2525
3661
1866
6867
282
6754
6322
3528
7202
1699
7655
8806
1756
7342
1586
9657
6105
3440
7940
7416
3737
6884
5749
2505
1402
6858
2537
5654
1974
7768
7188
2384
3061
7590
3229
4922
1014
745
5931
4443
1861
4561
8534
3448
404
4870
2108
6819
5314
7141
3088
7430
6364
363
1621
8086
7898
1213
4062
6578
9806
3640
1542
2633
9331
4114
6631
6351
2524
9398
676
7794
8904
2824
3891
8258
5416
2666
5721
9629
4439
1788
7001
3126
2977
1059
2395
1974
5271
4916
1142
4562
1110
3351
8979
5685
570
8798
1131
3605
4778
5711
7630
4692
6915
3963
7942
5407
9322
1018
2028
2117
2886
3223
8340
7338
5800
8788
9627
4772
3876
2385
7350
9109
9975
2622
6863
1413
8611
8353
8752
2572
3261
7730
7079
9224
5084
9381
1835
8445
8631
53
7631
8325
8219
5882
2652
784
521
2855
6050
2851
3656
9109
7166
2879
3982
4761
2658
489
8177
3114
6567
2987
2221
9993
7018
4751
1659
4302
8456
1489
2858
7647
2147
3471
4425
3283
7058
7477
4118
3304
460
5995
7563
4735
8058
6812
1087
5816
3030
2462
8563
6369
9337
2101
6514
30
9705
3138
8567
8521
6897
7369
4329
7501
2169
1705
8474
3191
3380
7416
8951
8994
1131
5858
5314
4044
4713
4429
2269
5753
4159
6273
4097
7423
6643
2382
1760
3235
9536
6799
4747
6905
4005
3165
3628
6890
284
5588
5668
7059
2008
9234
5115
9295
7558
1028
6089
1135
2080
5517
7194
371
8053
8888
183
4778
1826
9391
5910
4058
5566
2837
4258
6091
5561
3934
5447
7960
7967
4773
1654
8817
1497
1295
8121
7605
5721
8024
9770
3586
4322
9494
7847
4522
8908
1439
9027
9167
3215
2530
3597
5581
5159
9694
6954
134
2969
5020
6658
2684
1613
6566
7897
9203
5132
2454
6604
6981
2973
6279
9829
3869
2786
751
807
8694
2025
5137
6005
4132
6667
3492
4915
1234
6075
1152
9803
5686
4121
8193
950
3151
4673
5084
8821
5328
9407
6498
401
6726
2698
9944
5425
4511
9818
2492
9601
3316
6314
6984
3581
2587
3744
5106
7266
6086
4282
5410
3701
8546
2085
2844
6279
6359
7754
6669
4658
5373
3023
960
8672
1028
4639
9778
6066
8782
3334
857
9207
5229
6729
433
6369
3132
6503
7876
1952
8181
6983
424
8419
8856
7074
3771
684
2616
1370
3620
3823
8284
4887
4166
5148
4983
1288
6769
4721
8314
5955
8247
2183
9916
2499
7449
2154
1967
6841
1894
1414
8175
5837
6721
2683
6844
9367
3602
2034
2787
515
8477
6394
9517
962
6831
629
7187
4852
111
2802
2022
9572
80
1486
8719
4077
2046
9420
530
3521
4622
7758
8373
8549
9606
783
4721
4766
8269
5616
7492
6123
6593
70
4763
4238
9175
3192
3785
7630
7450
5170
1690
7166
6776
2875
7919
7937
1822
1773
1643
6946
3270
6581
8882
4097
7539
4691
4470
5252
3825
824
1070
5754
254
294
9360
5839
328
2877
3931
2292
6478
2468
2281
9172
6127
7614
6064
7362
5274
4964
8140
1691
6094
3242
2004
906
7135
4796
2686
9388
5073
7277
8541
9778
1359
4690
4988
1052
4425
9926
3004
718
4988
4286
8754
8135
6186
7615
3548
8147
3490
6280
9240
9385
1822
5091
5656
3435
530
7635
3829
8108
5535
6576
1992
9888
3238
6222
1862
92
1568
8335
3991
7863
5245
5467
1810
8777
9680
6167
9491
5223
9694
5537
4335
6408
5280
4799
6887
108
2376
484
9321
7300
4235
2405
7897
3245
4031
179
8534
5042
1387
1924
694
1836
6695
8485
1105
5497
7388
4164
7822
5801
1110
1596
8147
8154
4789
3076
5551
305
6392
8072
7034
3261
3030
983
1000
7092
2210
2099
8545
4671
7359
6497
2501
1827
8473
9486
7006
7866
1208
6077
609
9592
147
4685
1762
1881
8436
1565
6032
1449
8210
9051
1046
5310
5215
5434
662
6254
7093
3426
4393
1604
7978
6901
3402
4038
3102
6214
4101
5730
9537
3266
4552
8280
5390
4532
5459
1418
6790
8502
4625
6717
5458
2681
7123
4657
2686
2291
8902
9889
986
4147
8901
4163
1729
9094
6262
2960
3140
2
3520
8299
4393
7450
4502
9393
6684
1293
8212
3329
4051
9973
2659
3265
5628
6806
5108
2472
2324
6649
7303
9388
2559
8044
5603
5911
424
7429
7045
7242
6448
1041
9179
7154
1479
3354
2547
7600
2866
9556
4290
9439
5769
9699
1733
113
5822
3155
9609
5937
9685
1409
167
601
9196
3115
7144
6918
1824
2258
8074
3943
6434
2184
2772
995
4221
199
5899
7832
3627
9975
6844
3165
1224
6843
98
5636
5911
9070
3277
7909
4869
898
478
7870
4541
5581
7426
7155
8352
5725
7972
3276
7256
692
3213
762
5840
8270
5016
2969
4011
3193
6304
5755
3903
2556
2195
6188
4550
8808
1577
6043
6942
2111
519
3692
6156
5105
7548
2590
8449
4392
4707
172
1195
8369
126
9908
7486
1370
309
5500
5693
3787
3191
7899
9505
6231
3722
5357
5901
7661
5100
9256
949
7081
9505
1078
2211
6776
764
8946
6306
9066
901
3596
8235
943
9914
3054
5642
8409
7174
7422
2098
5765
4663
5713
7814
795
6763
6795
5201
9598
9069
2463
6834
7594
4971
1702
3391
5849
3258
9356
7182
442
8630
4015
5388
5184
3232
154
5114
3009
5642
3945
556
1463
5380
3405
1848
3954
9180
12
9229
5682
2321
135
935
1384
6289
529
7886
4378
7704
3560
5273
3223
8826
4812
5102
7086
9488
8486
5415
4922
4548
7459
5368
6279
1567
1787
2397
5511
895
9022
5327
2226
8699
716
5177
3486
5357
532
6068
9715
3819
1148
1509
5802
5687
7552
8098
2086
6864
6625
3559
8041
4450
7268
3697
8876
8614
928
779
8254
4429
1931
1452
5355
1287
2742
261
693
2796
1605
5797
2630
2794
5807
4009
3708
3380
6394
3424
7208
8680
5901
4032
1377
1217
9707
4559
4022
714
4784
4011
9280
3225
280
2711
8499
5209
9354
438
8577
1952
1157
8204
8754
277
8808
7593
1608
7443
1357
7165
9055
1170
3715
7827
339
3417
7239
2488
6070
5702
1540
6915
327
6405
9431
127
2062
4561
7739
2916
7194
7644
1924
9900
4409
8188
5085
145
740
3897
6504
6168
3607
8397
8319
5115
4112
7669
6361
4322
7098
790
9852
7447
6122
3968
2293
286
7047
7234
7390
7438
3206
5279
524
2092
2125
298
2365
2408
4468
6445
7547
8586
9061
8108
59
1236
9670
5854
4002
1984
4103
3971
8741
5337
2784
6628
3367
8574
1097
7037
9022
4217
9899
5747
7820
1351
6973
9280
5541
3472
4796
3294
3683
1583
6936
6129
3623
8443
952
3513
6488
1150
9457
1279
3072
7316
8781
1976
5938
1956
8522
8321
2725
5836
9518
5997
6081
6543
9824
2467
4537
455
5445
691
4244
9410
6906
1414
585
6781
3360
2297
3740
485
1794
9328
9084
763
5458
8323
3324
2487
1260
5011
8732
8952
6437
5238
8620
4970
3596
5397
6075
5142
4109
3554
4797
2446
2891
7708
696
3360
1783
7360
5891
5435
7686
8500
2388
3338
216
9835
6170
6109
4640
9584
5171
916
6945
3762
294
2500
6082
8806
3913
2412
4821
1441
6274
9078
5132
9721
1336
8143
1979
4945
8405
7250
3946
2106
4310
8071
7351
566
542
7322
3903
2347
2781
6813
2714
7766
4075
4099
3828
7273
9721
8299
9604
3059
3873
8355
8852
4377
9315
5547
8923
6263
3973
4700
837
708
1387
5876
5938
4326
5197
7802
9136
8014
8132
4056
8195
8539
3140
7570
5265
1353
4086
853
5973
7415
6860
564
6850
9596
7297
1802
8956
5337
4777
9875
4478
6691
7641
7934
6585
1186
9293
6413
7266
1379
8614
6293
3314
6193
9213
9548
7477
6481
9345
5205
3644
4558
3070
6804
9282
39
9977
111
7367
9992
6284
2980
9912
6479
6485
3636
2533
2879
8748
4446
3033
4014
9557
4656
3145
4493
6843
5579
6367
1783
7857
7800
6161
7821
6943
5715
1293
4411
7778
5599
8200
892
5099
6216
4382
3666
574
6140
9343
5651
960
8712
3391
9349
8028
5720
5548
3824
3111
2869
3994
6497
821
8007
9652
8551
6724
5475
8819
4805
9302
1675
6463
7476
9160
1363
4185
3627
3986
4861
885
6284
7656
2426
9354
7698
8776
4094
4859
1888
5859
9898
120
8825
5614
1957
5508
7826
9368
8915
5385
2701
3748
4180
1752
4901
2890
7644
6960
1739
2288
1159
3755
3974
9960
5149
8639
5193
3373
530
6500
3806
6071
1689
6361
9854
7612
23
353
5379
9388
6264
4632
4221
8880
5133
5492
9538
6321
5473
3753
2998
9054
8189
8493
2010
1542
5073
5685
548
8849
9857
3257
3858
3588
8356
8273
1773
1406
5093
1755
3846
4808
1667
4058
5448
8503
9258
8543
5080
8449
288
7596
5049
3742
3422
6809
1553
3823
4026
9788
6632
5506
8233
7887
2474
6769
1166
6461
5387
1956
8309
5673
1106
7515
7514
1442
2093
744
6492
4398
2986
878
1865
2137
7137
6518
2021
4048
7862
3520
4107
3797
6418
6249
537
7646
5685
5628
4544
3491
9563
4561
6974
3400
7390
6703
4634
6542
8114
6470
4909
7118
4026
3858
6508
1399
1289
6511
6542
6032
6174
6840
4872
546
8828
9447
5856
5816
581
9554
5564
5978
2011
6379
1599
5422
6095
6510
4729
9393
831
6259
5023
372
7968
8870
8065
3275
2767
5583
8204
4328
6455
2083
2420
265
6684
8946
8733
5577
4297
5503
5898
5458
6699
2954
3961
9346
9538
3214
7621
5316
7117
2577
7159
2269
2079
1072
6510
2274
1175
167
8155
3189
6256
5491
3804
2335
418
7207
2260
1947
7948
3868
4650
9507
3742
2747
7578
7498
1953
1753
6774
8485
9057
5351
3677
7966
8157
7399
943
3745
9568
6337
4092
615
7294
1068
6733
7362
8546
5370
8147
9067
9107
8018
2761
2186
9373
8226
2187
8253
9855
1084
1992
2370
3462
1630
7337
4520
5806
6326
4014
8728
752
9230
79
2727
5638
4790
7266
1604
5434
1266
8925
4823
531
9804
8609
1198
9444
1575
5574
6159
7756
6688
6929
4930
784
6585
9394
8258
489
1888
8841
8682
1176
8968
6386
3237
7500
9168
4449
6229
1059
6445
1007
9601
5195
1133
6293
3639
8398
3565
7298
6677
7764
7380
4007
7336
980
8521
531
5273
6230
3912
14
9473
4206
2407
6917
6400
7496
8716
8182
9153
2599
4162
9585
5177
5316
9135
4527
4263
2050
7599
4208
1013
9991
1707
4022
977
1525
8131
4562
6709
1183
1840
454
3103
2622
5842
2071
3437
9491
5582
7524
5655
6198
9499
9246
99
9025
2623
2816
3723
4033
1931
3609
4821
4798
2270
397
2195
4858
98
1673
6101
3774
5469
1153
6823
3435
2674
6014
8274
4392
2297
4781
651
3708
1941
881
8937
7002
1004
3419
4469
6318
655
9091
7295
2007
8547
4765
2576
6165
9029
7712
7395
123
3974
173
9407
7369
3798
4162
5298
2315
8571
1192
423
402
8114
685
8654
6103
4589
7954
5268
2551
3521
6936
5178
4474
7150
5759
9241
7632
7246
3008
8549
3183
4804
8931
1334
8161
5352
2496
369
950
987
2102
3832
4060
8759
3064
6339
4167
9799
1895
8006
3443
9053
6899
7278
9301
5578
5589
1210
98
5350
3565
5509
9890
9143
3115
6901
1845
343
6607
1927
8408
4969
5855
5819
8724
5912
5252
769
6637
9342
7822
5936
6069
3696
458
549
4547
5613
5974
2878
1758
4874
6264
9937
6372
3117
2036
6118
3429
9293
5651
5260
6619
6056
3175
5699
1836
3810
438
8349
9327
2933
6277
7127
2513
7297
3754
469
4538
2895
9975
946
3658
2339
9885
7820
7913
9535
9597
7485
4505
1658
1044
3579
3798
1638
9260
7601
5922
3529
6950
5792
8295
6383
1170
7935
5935
5371
303
4188
763
5107
9288
1807
4257
178
4552
9379
1046
9109
5341
4162
8213
6948
8117
2554
238
9695
2646
5141
8725
4889
4005
659
4051
5741
9884
9127
2616
5667
5208
6309
7932
8344
3410
8501
8252
173
32
235
9115
3120
6126
3756
2188
1254
8539
4608
4195
560
6501
6643
9596
3590
3889
1906
4868
2683
2303
5108
3261
1045
6349
6305
8748
3792
3832
765
8722
7729
7874
9604
9926
4482
8910
3418
6017
5613
2088
5086
9944
55
3547
7233
8953
3010
81
2505
1576
1494
3243
2115
3626
3472
3952
2470
9082
6591
9596
9033
1162
2124
3737
8656
3487
1150
7839
3268
1324
8484
2916
5214
5634
8790
1522
3749
3848
5898
2063
3016
6373
8773
9308
7994
4608
1636
4252
2659
8453
8655
9962
4703
1837
7967
914
