0 1238
1 -1
2 -1
3 2624
4 5990
5 -1
6 2496
7 1353
8 -1
9 -1
10 6536
11 -1
12 5865
13 -1
14 -1
15 9666
16 -1
17 5045
18 7705
19 -1
20 -1
21 -1
22 -1
23 -1
24 -1
25 4561
26 -1
27 -1
28 -1
29 12
30 -1
31 1244
32 -1
33 2991
34 9729
35 80
36 -1
37 319
38 -1
39 6959
40 -1
41 7315
42 9606
43 -1
44 7552
45 -1
46 -1
47 -1
48 6152
49 -1
50 8096
51 5738
52 -1
53 -1
54 4872
55 -1
56 -1
57 -1
58 -1
59 3652
60 7994
61 -1
62 937
63 -1
64 1215
65 -1
66 -1
67 6012
68 -1
69 4985
70 -1
71 -1
72 -1
73 5249
74 -1
75 -1
76 -1
77 -1
78 1211
79 -1
80 1366
81 -1
82 -1
83 -1
84 -1
85 -1
86 -1
87 -1
88 2547
89 -1
90 -1
91 -1
92 -1
93 -1
94 4115
95 6772
96 -1
97 -1
98 -1
99 -1
100 -1
101 9927
102 -1
103 -1
104 -1
105 4195
106 -1
107 9928
108 -1
109 1197
110 -1
111 -1
112 -1
113 -1
114 -1
115 3397
116 9355
117 5605
118 4550
119 3357
120 -1
121 1083
122 1399
123 -1
124 776
125 9749
126 -1
127 -1
128 9330
129 9660
130 6375
131 -1
132 -1
133 -1
134 -1
135 -1
136 -1
137 5969
138 -1
139 -1
140 1907
141 9654
142 2765
143 6777
144 8389
145 -1
146 -1
147 9368
148 7392
149 -1
150 -1
151 -1
152 5963
153 4494
154 -1
155 -1
156 -1
157 -1
158 8409
159 -1
160 4496
161 -1
162 5752
163 -1
164 -1
165 -1
166 -1
167 -1
168 -1
169 -1
170 -1
171 3127
172 -1
173 3739
174 -1
175 -1
176 5498
177 3991
178 -1
179 6486
180 2009
181 6667
182 -1
183 8084
184 5624
185 643
186 9110
187 3301
188 5584
189 -1
190 -1
191 7412
192 -1
193 8015
194 -1
195 8047
196 6900
197 1246
198 -1
199 -1
200 8586
201 -1
202 -1
203 -1
204 1497
205 5955
206 -1
207 -1
208 -1
209 7404
210 -1
211 9662
212 -1
213 -1
214 1563
215 -1
216 -1
217 -1
218 -1
219 703
220 8362
221 3645
222 -1
223 -1
224 -1
225 -1
226 6368
227 -1
228 -1
229 -1
230 -1
231 -1
232 -1
233 -1
234 1045
235 -1
236 -1
237 -1
238 -1
239 -1
240 -1
241 -1
242 4812
243 4790
244 9306
245 2675
246 1697
247 -1
248 -1
249 -1
250 -1
251 2028
252 -1
253 -1
254 -1
255 -1
256 -1
257 6584
258 -1
259 -1
260 412
261 2852
262 6489
263 8859
264 -1
265 3114
266 -1
267 -1
268 -1
269 -1
270 3405
271 -1
272 2832
273 -1
274 -1
275 -1
276 8618
277 -1
278 3099
279 -1
280 -1
281 -1
282 -1
283 -1
284 -1
285 1304
286 -1
287 -1
288 -1
289 5525
290 -1
291 -1
292 -1
293 -1
294 8614
295 442
296 3056
297 8679
298 4933
299 -1
300 -1
301 4034
302 7750
303 2491
304 -1
305 -1
306 -1
307 -1
308 -1
309 -1
310 6035
311 -1
312 4902
313 6704
314 -1
315 -1
316 -1
317 -1
318 2416
319 933
320 8591
321 856
322 -1
323 8723
324 -1
325 -1
326 -1
327 -1
328 -1
329 -1
330 -1
331 -1
332 -1
333 -1
334 -1
335 -1
336 -1
337 -1
338 -1
339 6232
340 7697
341 1177
342 -1
343 4502
344 1422
345 -1
346 9169
347 -1
348 -1
349 -1
350 51
351 -1
352 -1
353 -1
354 -1
355 -1
356 -1
357 -1
358 -1
359 -1
360 -1
361 -1
362 5747
363 7922
364 9569
365 -1
366 4630
367 9472
368 -1
369 3444
370 -1
371 4279
372 2600
373 4429
374 -1
375 -1
376 -1
377 7481
378 -1
379 -1
380 2614
381 8569
382 -1
383 -1
384 -1
385 -1
386 4389
387 8725
388 6213
389 -1
390 -1
391 2187
392 -1
393 -1
394 6388
395 -1
396 8818
397 7700
398 -1
399 8142
400 -1
401 -1
402 -1
403 912
404 -1
405 -1
406 -1
407 -1
408 -1
409 -1
410 7396
411 -1
412 7968
413 9649
414 -1
415 6495
416 5505
417 4677
418 5080
419 -1
420 4163
421 3477
422 7717
423 5497
424 1284
425 -1
426 -1
427 -1
428 -1
429 -1
430 -1
431 -1
432 -1
433 -1
434 2091
435 4158
436 4263
437 -1
438 -1
439 -1
440 -1
441 9598
442 -1
443 -1
444 -1
445 -1
446 -1
447 2179
448 6974
449 -1
450 5728
451 -1
452 -1
453 -1
454 -1
455 -1
456 -1
457 2159
458 -1
459 -1
460 3327
461 7957
462 -1
463 927
464 -1
465 -1
466 5889
467 -1
468 -1
469 -1
470 9454
471 4380
472 -1
473 -1
474 1276
475 -1
476 9949
477 -1
478 -1
479 -1
480 5312
481 -1
482 -1
483 -1
484 4467
485 3440
486 675
487 6479
488 5162
489 -1
490 -1
491 4497
492 -1
493 -1
494 -1
495 -1
496 4624
497 -1
498 7536
499 -1
500 938
501 -1
502 -1
503 -1
504 8425
505 -1
506 -1
507 -1
508 6947
509 -1
510 -1
511 -1
512 2980
513 9878
514 3649
515 -1
516 -1
517 7401
518 -1
519 2667
520 7467
521 4559
522 790
523 6124
524 9685
525 -1
526 -1
527 6194
528 -1
529 -1
530 4417
531 9800
532 -1
533 -1
534 2366
535 -1
536 2240
537 -1
538 -1
539 -1
540 715
541 -1
542 -1
543 -1
544 -1
545 119
546 5887
547 9269
548 889
549 -1
550 -1
551 -1
552 -1
553 -1
554 6096
555 6072
556 -1
557 9561
558 -1
559 723
560 8413
561 -1
562 -1
563 8270
564 7568
565 -1
566 -1
567 -1
568 1067
569 3712
570 1161
571 3128
572 -1
573 -1
574 -1
575 -1
576 -1
577 9687
578 2261
579 -1
580 2787
581 -1
582 -1
583 -1
584 -1
585 -1
586 -1
587 8911
588 -1
589 -1
590 6721
591 3133
592 -1
593 9438
594 -1
595 -1
596 -1
597 1564
598 -1
599 -1
600 7710
601 -1
602 -1
603 -1
604 -1
605 -1
606 2725
607 4689
608 9920
609 934
610 -1
611 -1
612 -1
613 -1
614 -1
615 -1
616 -1
617 -1
618 -1
619 4795
620 -1
621 -1
622 -1
623 4885
624 717
625 5984
626 8720
627 -1
628 6859
629 -1
630 -1
631 -1
632 2937
633 6687
634 9512
635 6177
636 5892
637 634
638 -1
639 6971
640 -1
641 -1
642 1413
643 5336
644 3714
645 -1
646 -1
647 -1
648 4868
649 -1
650 -1
651 -1
652 -1
653 -1
654 -1
655 1684
656 3875
657 7311
658 -1
659 4515
660 5259
661 554
662 1266
663 -1
664 -1
665 8276
666 -1
667 -1
668 -1
669 -1
670 -1
671 -1
672 1967
673 -1
674 6480
675 2540
676 -1
677 -1
678 -1
679 -1
680 9503
681 -1
682 -1
683 -1
684 7290
685 -1
686 -1
687 8274
688 339
689 7636
690 -1
691 -1
692 -1
693 2209
694 -1
695 -1
696 6123
697 -1
698 3931
699 -1
700 4657
701 2444
702 2627
703 2365
704 -1
705 -1
706 -1
707 5140
708 -1
709 1099
710 -1
711 -1
712 -1
713 -1
714 -1
715 5753
716 -1
717 4919
718 -1
719 5310
720 6736
721 8691
722 2030
723 3383
724 1179
725 -1
726 -1
727 -1
728 3566
729 5610
730 -1
731 5938
732 -1
733 -1
734 -1
735 9244
736 -1
737 8889
738 -1
739 4544
740 4749
741 -1
742 1885
743 447
744 8983
745 -1
746 -1
747 -1
748 -1
749 -1
750 -1
751 -1
752 3612
753 8310
754 -1
755 5243
756 -1
757 1167
758 4079
759 9412
760 6397
761 644
762 -1
763 5944
764 5268
765 6320
766 -1
767 9852
768 6825
769 -1
770 -1
771 -1
772 -1
773 4607
774 -1
775 -1
776 5621
777 -1
778 -1
779 7086
780 5445
781 -1
782 9761
783 3208
784 -1
785 5248
786 -1
787 -1
788 -1
789 -1
790 -1
791 2720
792 -1
793 -1
794 -1
795 -1
796 -1
797 -1
798 -1
799 -1
800 -1
801 -1
802 -1
803 -1
804 -1
805 3928
806 50
807 5818
808 -1
809 942
810 -1
811 -1
812 -1
813 3708
814 3802
815 8805
816 -1
817 8587
818 1110
819 -1
820 -1
821 -1
822 -1
823 3139
824 -1
825 -1
826 4597
827 3647
828 -1
829 -1
830 8031
831 4611
832 1703
833 -1
834 -1
835 6005
836 -1
837 -1
838 -1
839 -1
840 -1
841 -1
842 8343
843 7884
844 -1
845 6286
846 -1
847 -1
848 8383
849 2739
850 -1
851 -1
852 -1
853 -1
854 1351
855 -1
856 6586
857 -1
858 -1
859 -1
860 2053
861 -1
862 -1
863 -1
864 -1
865 -1
866 -1
867 -1
868 -1
869 -1
870 9175
871 779
872 -1
873 -1
874 -1
875 7814
876 -1
877 -1
878 -1
879 -1
880 2553
881 -1
882 183
883 3628
884 123
885 -1
886 2087
887 4839
888 1124
889 6590
890 -1
891 8626
892 -1
893 -1
894 1752
895 984
896 -1
897 -1
898 -1
899 -1
900 -1
901 -1
902 8965
903 9530
904 -1
905 -1
906 -1
907 4405
908 -1
909 -1
910 8017
911 4010
912 7960
913 7413
914 9130
915 2282
916 -1
917 6102
918 -1
919 -1
920 -1
921 3167
922 -1
923 -1
924 -1
925 -1
926 8808
927 9200
928 -1
929 -1
930 7657
931 2897
932 -1
933 9750
934 7627
935 8396
936 158
937 1275
938 129
939 -1
940 3387
941 3378
942 -1
943 -1
944 -1
945 -1
946 -1
947 -1
948 -1
949 -1
950 8676
951 1120
952 7
953 -1
954 -1
955 -1
956 -1
957 -1
958 -1
959 -1
960 -1
961 -1
962 142
963 7506
964 2494
965 -1
966 -1
967 -1
968 -1
969 -1
970 -1
971 -1
972 -1
973 5132
974 4632
975 -1
976 -1
977 -1
978 9848
979 -1
980 3575
981 5348
982 -1
983 -1
984 7693
985 7404
986 6019
987 -1
988 4568
989 -1
990 -1
991 -1
992 -1
993 -1
994 4469
995 -1
996 -1
997 5623
998 -1
999 -1
1000 -1
1001 -1
1002 -1
1003 -1
1004 -1
1005 -1
1006 -1
1007 -1
1008 -1
1009 -1
1010 4556
1011 -1
1012 -1
1013 -1
1014 -1
1015 -1
1016 -1
1017 -1
1018 5651
1019 -1
1020 -1
1021 -1
1022 -1
1023 -1
1024 8308
1025 -1
1026 -1
1027 -1
1028 -1
1029 -1
1030 -1
1031 -1
1032 -1
1033 -1
1034 7447
1035 5979
1036 6600
1037 1375
1038 -1
1039 381
1040 -1
1041 -1
1042 -1
1043 6546
1044 1390
1045 4342
1046 -1
1047 8112
1048 -1
1049 -1
1050 -1
1051 -1
1052 -1
1053 7152
1054 9381
1055 9753
1056 -1
1057 -1
1058 -1
1059 -1
1060 4173
1061 -1
1062 -1
1063 -1
1064 6392
1065 -1
1066 2279
1067 -1
1068 -1
1069 -1
1070 -1
1071 4051
1072 -1
1073 -1
1074 -1
1075 -1
1076 -1
1077 -1
1078 -1
1079 5764
1080 -1
1081 1642
1082 5873
1083 2753
1084 3518
1085 -1
1086 -1
1087 9514
1088 -1
1089 177
1090 -1
1091 1583
1092 -1
1093 -1
1094 8733
1095 -1
1096 2186
1097 -1
1098 -1
1099 -1
1100 5703
1101 -1
1102 8199
1103 -1
1104 -1
1105 270
1106 -1
1107 -1
1108 -1
1109 -1
1110 -1
1111 -1
1112 -1
1113 4857
1114 608
1115 504
1116 -1
1117 -1
1118 -1
1119 -1
1120 3668
1121 -1
1122 -1
1123 -1
1124 806
1125 5040
1126 7582
1127 -1
1128 7593
1129 -1
1130 -1
1131 -1
1132 9314
1133 -1
1134 -1
1135 -1
1136 -1
1137 5828
1138 4160
1139 1864
1140 891
1141 2197
1142 -1
1143 1557
1144 1984
1145 -1
1146 758
1147 -1
1148 -1
1149 -1
1150 -1
1151 -1
1152 -1
1153 -1
1154 5118
1155 -1
1156 -1
1157 -1
1158 2662
1159 -1
1160 4865
1161 6626
1162 755
1163 -1
1164 -1
1165 -1
1166 -1
1167 5619
1168 2509
1169 -1
1170 7305
1171 -1
1172 -1
1173 3966
1174 3221
1175 -1
1176 -1
1177 8622
1178 9431
1179 67
1180 8616
1181 6478
1182 -1
1183 1298
1184 -1
1185 -1
1186 -1
1187 -1
1188 -1
1189 -1
1190 2931
1191 -1
1192 -1
1193 -1
1194 2520
1195 5046
1196 460
1197 6428
1198 -1
1199 -1
1200 9359
1201 5207
1202 -1
1203 -1
1204 -1
1205 5817
1206 -1
1207 -1
1208 -1
1209 9511
1210 5825
1211 4078
1212 -1
1213 -1
1214 -1
1215 -1
1216 5754
1217 -1
1218 3895
1219 -1
1220 1571
1221 6884
1222 4528
1223 7252
1224 -1
1225 -1
1226 -1
1227 -1
1228 -1
1229 -1
1230 1349
1231 -1
1232 -1
1233 -1
1234 -1
1235 -1
1236 2600
1237 4052
1238 7107
1239 9325
1240 -1
1241 -1
1242 -1
1243 1431
1244 -1
1245 -1
1246 422
1247 6496
1248 -1
1249 -1
1250 -1
1251 8527
1252 115
1253 -1
1254 -1
1255 -1
1256 -1
1257 9195
1258 2533
1259 2251
1260 6163
1261 7204
1262 -1
1263 -1
1264 5315
1265 5935
1266 7486
1267 -1
1268 -1
1269 7660
1270 -1
1271 -1
1272 8930
1273 125
1274 500
1275 256
1276 -1
1277 -1
1278 296
1279 -1
1280 -1
1281 -1
1282 -1
1283 -1
1284 3243
1285 -1
1286 9689
1287 -1
1288 -1
1289 -1
1290 -1
1291 -1
1292 1398
1293 5180
1294 9448
1295 101
1296 2030
1297 8133
1298 8684
1299 -1
1300 9444
1301 -1
1302 -1
1303 -1
1304 5135
1305 -1
1306 2256
1307 -1
1308 -1
1309 985
1310 4908
1311 -1
1312 -1
1313 -1
1314 -1
1315 -1
1316 -1
1317 -1
1318 -1
1319 -1
1320 -1
1321 -1
1322 -1
1323 -1
1324 -1
1325 -1
1326 752
1327 -1
1328 -1
1329 -1
1330 195
1331 4890
1332 -1
1333 -1
1334 -1
1335 -1
1336 -1
1337 -1
1338 2993
1339 -1
1340 -1
1341 -1
1342 -1
1343 -1
1344 -1
1345 -1
1346 -1
1347 9420
1348 8822
1349 5378
1350 9224
1351 -1
1352 -1
1353 -1
1354 -1
1355 8341
1356 3580
1357 2272
1358 -1
1359 9546
1360 -1
1361 -1
1362 1376
1363 -1
1364 9415
1365 -1
1366 7901
1367 -1
1368 -1
1369 -1
1370 639
1371 -1
1372 -1
1373 1445
1374 -1
1375 4433
1376 952
1377 -1
1378 -1
1379 -1
1380 -1
1381 9440
1382 -1
1383 5463
1384 2842
1385 -1
1386 -1
1387 -1
1388 -1
1389 -1
1390 457
1391 -1
1392 -1
1393 672
1394 -1
1395 -1
1396 -1
1397 -1
1398 4370
1399 1720
1400 -1
1401 -1
1402 -1
1403 8742
1404 -1
1405 -1
1406 -1
1407 9789
1408 -1
1409 -1
1410 -1
1411 -1
1412 1553
1413 3536
1414 -1
1415 -1
1416 -1
1417 -1
1418 -1
1419 -1
1420 6714
1421 -1
1422 4056
1423 8775
1424 -1
1425 -1
1426 -1
1427 -1
1428 -1
1429 -1
1430 -1
1431 8850
1432 -1
1433 8786
1434 -1
1435 4917
1436 -1
1437 -1
1438 -1
1439 -1
1440 -1
1441 -1
1442 -1
1443 -1
1444 -1
1445 5974
1446 7862
1447 -1
1448 -1
1449 6391
1450 6075
1451 -1
1452 4456
1453 8094
1454 -1
1455 -1
1456 -1
1457 2965
1458 -1
1459 184
1460 3932
1461 -1
1462 -1
1463 -1
1464 -1
1465 -1
1466 5752
1467 -1
1468 -1
1469 -1
1470 -1
1471 -1
1472 -1
1473 4056
1474 -1
1475 -1
1476 -1
1477 -1
1478 8662
1479 -1
1480 7143
1481 9919
1482 -1
1483 -1
1484 -1
1485 -1
1486 -1
1487 -1
1488 -1
1489 6209
1490 5668
1491 4594
1492 -1
1493 -1
1494 6930
1495 5713
1496 7855
1497 -1
1498 -1
1499 4081
1500 8430
1501 -1
1502 1447
1503 373
1504 637
1505 8299
1506 5235
1507 3154
1508 1338
1509 -1
1510 -1
1511 -1
1512 900
1513 1236
1514 -1
1515 3504
1516 9317
1517 -1
1518 3761
1519 -1
1520 -1
1521 -1
1522 -1
1523 -1
1524 -1
1525 -1
1526 -1
1527 2266
1528 8296
1529 4841
1530 -1
1531 -1
1532 -1
1533 -1
1534 -1
1535 -1
1536 5496
1537 -1
1538 -1
1539 3159
1540 2307
1541 -1
1542 -1
1543 -1
1544 3523
1545 -1
1546 5483
1547 181
1548 -1
1549 4138
1550 2908
1551 -1
1552 -1
1553 7866
1554 4733
1555 -1
1556 -1
1557 -1
1558 -1
1559 -1
1560 9064
1561 -1
1562 3620
1563 7461
1564 4256
1565 740
1566 6752
1567 -1
1568 5918
1569 -1
1570 -1
1571 1807
1572 -1
1573 -1
1574 -1
1575 -1
1576 6046
1577 -1
1578 5696
1579 8582
1580 760
1581 3636
1582 -1
1583 628
1584 2207
1585 4944
1586 -1
1587 3590
1588 -1
1589 -1
1590 -1
1591 -1
1592 -1
1593 7232
1594 -1
1595 -1
1596 -1
1597 4765
1598 -1
1599 -1
1600 101
1601 1274
1602 -1
1603 -1
1604 -1
1605 -1
1606 -1
1607 -1
1608 -1
1609 -1
1610 9908
1611 -1
1612 3582
1613 -1
1614 4284
1615 -1
1616 -1
1617 3503
1618 3723
1619 -1
1620 -1
1621 9090
1622 -1
1623 -1
1624 9417
1625 9915
1626 4414
1627 -1
1628 5284
1629 -1
1630 -1
1631 470
1632 -1
1633 -1
1634 -1
1635 -1
1636 -1
1637 -1
1638 -1
1639 9971
1640 2259
1641 3551
1642 1695
1643 -1
1644 -1
1645 9741
1646 -1
1647 -1
1648 -1
1649 -1
1650 -1
1651 -1
1652 -1
1653 8330
1654 -1
1655 -1
1656 -1
1657 -1
1658 -1
1659 -1
1660 -1
1661 6671
1662 2845
1663 -1
1664 6105
1665 7746
1666 -1
1667 -1
1668 -1
1669 9425
1670 -1
1671 8235
1672 -1
1673 -1
1674 -1
1675 -1
1676 -1
1677 6599
1678 6769
1679 1326
1680 -1
1681 -1
1682 6910
1683 -1
1684 -1
1685 -1
1686 -1
1687 -1
1688 -1
1689 -1
1690 -1
1691 -1
1692 5913
1693 9715
1694 7587
1695 8715
1696 -1
1697 8796
1698 4630
1699 -1
1700 -1
1701 -1
1702 -1
1703 7450
1704 -1
1705 1980
1706 1593
1707 -1
1708 -1
1709 17
1710 -1
1711 -1
1712 -1
1713 -1
1714 -1
1715 -1
1716 9511
1717 -1
1718 -1
1719 4788
1720 648
1721 -1
1722 -1
1723 -1
1724 -1
1725 -1
1726 -1
1727 7533
1728 8671
1729 2327
1730 -1
1731 -1
1732 9458
1733 -1
1734 -1
1735 5277
1736 6523
1737 -1
1738 -1
1739 -1
1740 -1
1741 -1
1742 -1
1743 -1
1744 -1
1745 5485
1746 -1
1747 -1
1748 6234
1749 4276
1750 -1
1751 -1
1752 7135
1753 5484
1754 8568
1755 -1
1756 -1
1757 -1
1758 -1
1759 -1
1760 -1
1761 5618
1762 -1
1763 -1
1764 -1
1765 -1
1766 6811
1767 -1
1768 -1
1769 -1
1770 -1
1771 6133
1772 -1
1773 -1
1774 -1
1775 9414
1776 -1
1777 -1
1778 -1
1779 2647
1780 -1
1781 -1
1782 -1
1783 -1
1784 -1
1785 -1
1786 -1
1787 -1
1788 -1
1789 -1
1790 -1
1791 -1
1792 -1
1793 545
1794 -1
1795 -1
1796 -1
1797 -1
1798 -1
1799 -1
1800 4033
1801 1090
1802 -1
1803 -1
1804 -1
1805 -1
1806 9968
1807 416
1808 4224
1809 2344
1810 -1
1811 -1
1812 -1
1813 9228
1814 -1
1815 7692
1816 -1
1817 -1
1818 -1
1819 -1
1820 -1
1821 -1
1822 3149
1823 -1
1824 -1
1825 3014
1826 -1
1827 -1
1828 -1
1829 -1
1830 -1
1831 -1
1832 -1
1833 -1
1834 8567
1835 -1
1836 -1
1837 -1
1838 -1
1839 -1
1840 -1
1841 -1
1842 5348
1843 3506
1844 -1
1845 -1
1846 -1
1847 8741
1848 -1
1849 -1
1850 -1
1851 4363
1852 9938
1853 6978
1854 -1
1855 -1
1856 -1
1857 -1
1858 6552
1859 -1
1860 -1
1861 -1
1862 -1
1863 -1
1864 2819
1865 6429
1866 -1
1867 7314
1868 7335
1869 -1
1870 -1
1871 7253
1872 7555
1873 3020
1874 -1
1875 -1
1876 -1
1877 -1
1878 1173
1879 -1
1880 4829
1881 5890
1882 -1
1883 210
1884 -1
1885 2923
1886 -1
1887 -1
1888 -1
1889 -1
1890 -1
1891 9871
1892 -1
1893 -1
1894 9083
1895 8601
1896 8314
1897 -1
1898 -1
1899 -1
1900 -1
1901 -1
1902 -1
1903 -1
1904 -1
1905 5640
1906 -1
1907 5065
1908 -1
1909 -1
1910 3587
1911 -1
1912 -1
1913 -1
1914 -1
1915 -1
1916 -1
1917 -1
1918 -1
1919 -1
1920 107
1921 -1
1922 -1
1923 4418
1924 -1
1925 -1
1926 -1
1927 -1
1928 3964
1929 -1
1930 -1
1931 -1
1932 -1
1933 -1
1934 -1
1935 -1
1936 -1
1937 -1
1938 5895
1939 -1
1940 -1
1941 -1
1942 -1
1943 -1
1944 7291
1945 4608
1946 1818
1947 -1
1948 -1
1949 1034
1950 5128
1951 3781
1952 -1
1953 -1
1954 -1
1955 9072
1956 -1
1957 -1
1958 -1
1959 1641
1960 8056
1961 -1
1962 9474
1963 -1
1964 -1
1965 -1
1966 6095
1967 6330
1968 -1
1969 -1
1970 385
1971 -1
1972 4460
1973 -1
1974 2174
1975 -1
1976 -1
1977 2921
1978 -1
1979 2812
1980 4139
1981 3445
1982 -1
1983 7177
1984 9102
1985 -1
1986 7375
1987 -1
1988 3550
1989 -1
1990 1974
1991 7384
1992 9334
1993 -1
1994 -1
1995 -1
1996 -1
1997 3632
1998 -1
1999 5221
2000 -1
2001 -1
2002 -1
2003 6739
2004 9777
2005 -1
2006 -1
2007 -1
2008 -1
2009 6775
2010 -1
2011 -1
2012 -1
2013 4896
2014 -1
2015 4391
2016 -1
2017 3284
2018 95
2019 8853
2020 -1
2021 -1
2022 -1
2023 -1
2024 -1
2025 -1
2026 8186
2027 -1
2028 8770
2029 -1
2030 -1
2031 -1
2032 -1
2033 -1
2034 -1
2035 -1
2036 -1
2037 -1
2038 9067
2039 -1
2040 9970
2041 -1
2042 -1
2043 -1
2044 8023
2045 -1
2046 -1
2047 7686
2048 2229
2049 -1
2050 -1
2051 -1
2052 -1
2053 2796
2054 -1
2055 4435
2056 891
2057 7401
2058 2781
2059 -1
2060 -1
2061 451
2062 -1
2063 2989
2064 -1
2065 -1
2066 -1
2067 -1
2068 -1
2069 -1
2070 -1
2071 -1
2072 -1
2073 4613
2074 -1
2075 -1
2076 -1
2077 -1
2078 -1
2079 -1
2080 -1
2081 -1
2082 5365
2083 4721
2084 -1
2085 1881
2086 -1
2087 1297
2088 -1
2089 -1
2090 5949
2091 7906
2092 -1
2093 3664
2094 9166
2095 830
2096 2252
2097 -1
2098 -1
2099 -1
2100 -1
2101 -1
2102 -1
2103 -1
2104 -1
2105 -1
2106 -1
2107 -1
2108 -1
2109 -1
2110 -1
2111 8282
2112 -1
2113 -1
2114 -1
2115 -1
2116 -1
2117 -1
2118 -1
2119 -1
2120 -1
2121 -1
2122 -1
2123 -1
2124 3413
2125 5923
2126 -1
2127 -1
2128 -1
2129 6933
2130 -1
2131 -1
2132 -1
2133 -1
2134 -1
2135 -1
2136 -1
2137 -1
2138 -1
2139 -1
2140 -1
2141 -1
2142 -1
2143 2300
2144 9609
2145 -1
2146 -1
2147 -1
2148 -1
2149 -1
2150 -1
2151 -1
2152 -1
2153 -1
2154 -1
2155 -1
2156 -1
2157 1145
2158 -1
2159 -1
2160 -1
2161 -1
2162 -1
2163 -1
2164 -1
2165 -1
2166 -1
2167 -1
2168 -1
2169 -1
2170 -1
2171 -1
2172 7127
2173 -1
2174 3902
2175 -1
2176 -1
2177 -1
2178 -1
2179 3994
2180 4234
2181 -1
2182 -1
2183 -1
2184 -1
2185 -1
2186 5183
2187 9701
2188 4298
2189 2994
2190 -1
2191 8417
2192 7484
2193 2143
2194 -1
2195 2344
2196 -1
2197 635
2198 4791
2199 -1
2200 7586
2201 4029
2202 295
2203 5328
2204 -1
2205 -1
2206 -1
2207 9575
2208 3455
2209 5877
2210 5607
2211 -1
2212 3419
2213 -1
2214 -1
2215 -1
2216 -1
2217 1983
2218 -1
2219 -1
2220 1373
2221 -1
2222 -1
2223 -1
2224 -1
2225 -1
2226 -1
2227 -1
2228 -1
2229 3554
2230 -1
2231 5858
2232 4330
2233 4331
2234 -1
2235 -1
2236 -1
2237 8025
2238 -1
2239 3437
2240 2296
2241 -1
2242 -1
2243 -1
2244 5355
2245 -1
2246 -1
2247 -1
2248 -1
2249 -1
2250 -1
2251 8139
2252 9407
2253 6929
2254 4972
2255 5199
2256 6919
2257 5616
2258 9306
2259 4848
2260 -1
2261 1709
2262 4419
2263 8400
2264 785
2265 -1
2266 8760
2267 -1
2268 4364
2269 -1
2270 -1
2271 6773
2272 6044
2273 -1
2274 -1
2275 -1
2276 4210
2277 2823
2278 2623
2279 4714
2280 2232
2281 3697
2282 737
2283 1039
2284 -1
2285 -1
2286 6991
2287 940
2288 2589
2289 5223
2290 -1
2291 -1
2292 7708
2293 9329
2294 2397
2295 -1
2296 1639
2297 -1
2298 -1
2299 -1
2300 4876
2301 2111
2302 -1
2303 -1
2304 4946
2305 516
2306 6432
2307 -1
2308 -1
2309 -1
2310 -1
2311 628
2312 243
2313 -1
2314 -1
2315 -1
2316 -1
2317 -1
2318 -1
2319 -1
2320 -1
2321 -1
2322 -1
2323 -1
2324 -1
2325 4187
2326 -1
2327 2503
2328 -1
2329 -1
2330 1383
2331 512
2332 -1
2333 5628
2334 1955
2335 -1
2336 -1
2337 -1
2338 -1
2339 -1
2340 -1
2341 -1
2342 5362
2343 -1
2344 -1
2345 -1
2346 -1
2347 -1
2348 -1
2349 -1
2350 1685
2351 -1
2352 -1
2353 4026
2354 -1
2355 -1
2356 9275
2357 -1
2358 -1
2359 -1
2360 -1
2361 578
2362 -1
2363 -1
2364 -1
2365 828
2366 7844
2367 8643
2368 -1
2369 -1
2370 6672
2371 -1
2372 -1
2373 -1
2374 -1
2375 -1
2376 -1
2377 -1
2378 -1
2379 1512
2380 4400
2381 8030
2382 -1
2383 -1
2384 -1
2385 -1
2386 4369
2387 9904
2388 -1
2389 -1
2390 -1
2391 -1
2392 -1
2393 -1
2394 -1
2395 -1
2396 -1
2397 3177
2398 1094
2399 -1
2400 7614
2401 -1
2402 -1
2403 -1
2404 -1
2405 -1
2406 -1
2407 4134
2408 -1
2409 -1
2410 4196
2411 -1
2412 5878
2413 -1
2414 -1
2415 5469
2416 1139
2417 1705
2418 -1
2419 -1
2420 623
2421 4775
2422 -1
2423 2368
2424 -1
2425 6789
2426 2802
2427 -1
2428 -1
2429 7954
2430 -1
2431 6238
2432 -1
2433 -1
2434 -1
2435 -1
2436 -1
2437 -1
2438 -1
2439 -1
2440 4728
2441 2151
2442 -1
2443 4686
2444 188
2445 4730
2446 -1
2447 -1
2448 -1
2449 835
2450 -1
2451 5364
2452 4727
2453 -1
2454 -1
2455 -1
2456 -1
2457 -1
2458 -1
2459 -1
2460 -1
2461 -1
2462 -1
2463 4174
2464 -1
2465 7626
2466 9880
2467 -1
2468 9468
2469 -1
2470 -1
2471 -1
2472 -1
2473 -1
2474 -1
2475 4500
2476 6499
2477 -1
2478 -1
2479 4824
2480 -1
2481 -1
2482 -1
2483 -1
2484 -1
2485 7989
2486 -1
2487 4764
2488 8328
2489 4241
2490 -1
2491 8844
2492 8851
2493 -1
2494 1364
2495 6325
2496 7397
2497 -1
2498 5830
2499 -1
2500 -1
2501 -1
2502 6968
2503 7987
2504 -1
2505 -1
2506 5188
2507 -1
2508 -1
2509 4483
2510 -1
2511 -1
2512 -1
2513 -1
2514 -1
2515 5344
2516 7049
2517 -1
2518 -1
2519 -1
2520 8739
2521 -1
2522 -1
2523 -1
2524 -1
2525 -1
2526 -1
2527 -1
2528 -1
2529 -1
2530 -1
2531 -1
2532 -1
2533 4520
2534 -1
2535 -1
2536 2539
2537 5807
2538 -1
2539 5511
2540 -1
2541 -1
2542 -1
2543 2735
2544 -1
2545 -1
2546 4970
2547 9752
2548 -1
2549 -1
2550 4436
2551 6153
2552 -1
2553 1348
2554 -1
2555 -1
2556 -1
2557 9237
2558 -1
2559 -1
2560 -1
2561 -1
2562 -1
2563 -1
2564 6268
2565 -1
2566 -1
2567 -1
2568 -1
2569 -1
2570 -1
2571 3344
2572 -1
2573 -1
2574 1832
2575 4088
2576 -1
2577 -1
2578 -1
2579 -1
2580 -1
2581 7561
2582 -1
2583 -1
2584 -1
2585 -1
2586 3043
2587 6208
2588 -1
2589 -1
2590 -1
2591 -1
2592 -1
2593 -1
2594 -1
2595 -1
2596 -1
2597 -1
2598 -1
2599 -1
2600 4591
2601 6924
2602 3945
2603 -1
2604 -1
2605 -1
2606 3890
2607 -1
2608 -1
2609 -1
2610 -1
2611 5512
2612 -1
2613 6393
2614 3372
2615 519
2616 -1
2617 -1
2618 -1
2619 -1
2620 -1
2621 -1
2622 7153
2623 2890
2624 7852
2625 -1
2626 2047
2627 4038
2628 -1
2629 -1
2630 1079
2631 -1
2632 37
2633 -1
2634 -1
2635 -1
2636 7883
2637 -1
2638 1859
2639 6798
2640 9925
2641 -1
2642 -1
2643 -1
2644 -1
2645 -1
2646 -1
2647 -1
2648 -1
2649 1539
2650 -1
2651 -1
2652 -1
2653 -1
2654 -1
2655 -1
2656 -1
2657 -1
2658 5545
2659 -1
2660 807
2661 9668
2662 607
2663 -1
2664 8166
2665 1218
2666 -1
2667 3734
2668 -1
2669 -1
2670 3514
2671 -1
2672 2851
2673 -1
2674 -1
2675 7237
2676 -1
2677 4469
2678 -1
2679 -1
2680 4190
2681 2415
2682 8419
2683 -1
2684 -1
2685 -1
2686 -1
2687 5160
2688 -1
2689 -1
2690 -1
2691 -1
2692 -1
2693 -1
2694 1259
2695 -1
2696 -1
2697 -1
2698 2903
2699 -1
2700 -1
2701 -1
2702 -1
2703 -1
2704 4120
2705 9273
2706 3208
2707 8683
2708 6605
2709 -1
2710 -1
2711 2469
2712 -1
2713 -1
2714 -1
2715 -1
2716 -1
2717 8029
2718 8624
2719 -1
2720 7781
2721 -1
2722 -1
2723 2040
2724 -1
2725 8233
2726 -1
2727 -1
2728 -1
2729 -1
2730 -1
2731 -1
2732 -1
2733 2726
2734 6837
2735 5347
2736 -1
2737 -1
2738 -1
2739 6261
2740 -1
2741 -1
2742 8932
2743 1239
2744 9367
2745 5048
2746 3748
2747 -1
2748 -1
2749 3256
2750 -1
2751 5346
2752 6043
2753 8892
2754 -1
2755 -1
2756 2744
2757 3877
2758 -1
2759 -1
2760 -1
2761 -1
2762 4048
2763 -1
2764 8085
2765 1529
2766 -1
2767 2776
2768 9775
2769 -1
2770 9597
2771 6249
2772 4606
2773 5576
2774 -1
2775 3894
2776 7995
2777 7185
2778 4220
2779 -1
2780 -1
2781 763
2782 1977
2783 -1
2784 -1
2785 -1
2786 4688
2787 7284
2788 -1
2789 -1
2790 -1
2791 -1
2792 -1
2793 -1
2794 -1
2795 -1
2796 1621
2797 8554
2798 -1
2799 3200
2800 -1
2801 -1
2802 4029
2803 -1
2804 -1
2805 3458
2806 -1
2807 -1
2808 220
2809 -1
2810 -1
2811 -1
2812 2451
2813 -1
2814 -1
2815 -1
2816 -1
2817 -1
2818 -1
2819 7896
2820 -1
2821 -1
2822 -1
2823 7935
2824 -1
2825 -1
2826 -1
2827 -1
2828 -1
2829 -1
2830 -1
2831 -1
2832 7761
2833 -1
2834 1196
2835 -1
2836 -1
2837 -1
2838 -1
2839 -1
2840 6481
2841 -1
2842 6252
2843 -1
2844 -1
2845 7014
2846 -1
2847 -1
2848 -1
2849 -1
2850 15
2851 3946
2852 2733
2853 7069
2854 5886
2855 -1
2856 -1
2857 9891
2858 7495
2859 6065
2860 -1
2861 -1
2862 -1
2863 -1
2864 -1
2865 -1
2866 3695
2867 -1
2868 813
2869 -1
2870 -1
2871 2791
2872 -1
2873 410
2874 -1
2875 -1
2876 5776
2877 -1
2878 -1
2879 2778
2880 -1
2881 -1
2882 -1
2883 -1
2884 -1
2885 -1
2886 -1
2887 3541
2888 -1
2889 -1
2890 1969
2891 -1
2892 -1
2893 7111
2894 -1
2895 -1
2896 3611
2897 5897
2898 -1
2899 6459
2900 -1
2901 -1
2902 -1
2903 1631
2904 9596
2905 -1
2906 -1
2907 -1
2908 5723
2909 -1
2910 -1
2911 4553
2912 -1
2913 -1
2914 -1
2915 3280
2916 294
2917 8145
2918 1825
2919 -1
2920 2963
2921 7402
2922 7847
2923 6937
2924 1127
2925 -1
2926 -1
2927 -1
2928 -1
2929 -1
2930 -1
2931 4198
2932 -1
2933 -1
2934 -1
2935 -1
2936 4767
2937 7849
2938 -1
2939 -1
2940 -1
2941 7807
2942 -1
2943 -1
2944 8250
2945 -1
2946 -1
2947 4424
2948 2492
2949 -1
2950 3527
2951 8204
2952 8550
2953 9259
2954 -1
2955 -1
2956 7250
2957 -1
2958 -1
2959 -1
2960 -1
2961 -1
2962 -1
2963 7491
2964 -1
2965 2281
2966 -1
2967 9419
2968 3727
2969 -1
2970 -1
2971 3650
2972 3589
2973 3380
2974 3950
2975 655
2976 4673
2977 -1
2978 6066
2979 9962
2980 4422
2981 -1
2982 2733
2983 -1
2984 -1
2985 8531
2986 -1
2987 5067
2988 8969
2989 1580
2990 236
2991 1815
2992 -1
2993 -1
2994 5118
2995 4852
2996 -1
2997 -1
2998 -1
2999 -1
3000 -1
3001 -1
3002 -1
3003 5746
3004 -1
3005 -1
3006 -1
3007 2772
3008 -1
3009 6607
3010 -1
3011 -1
3012 -1
3013 4750
3014 9818
3015 911
3016 -1
3017 8508
3018 4191
3019 4080
3020 8653
3021 -1
3022 6627
3023 1732
3024 9613
3025 -1
3026 -1
3027 -1
3028 5019
3029 8028
3030 -1
3031 -1
3032 9366
3033 -1
3034 -1
3035 -1
3036 -1
3037 -1
3038 -1
3039 -1
3040 -1
3041 -1
3042 4492
3043 -1
3044 7878
3045 -1
3046 8125
3047 2126
3048 -1
3049 -1
3050 -1
3051 -1
3052 -1
3053 8524
3054 -1
3055 -1
3056 6519
3057 4738
3058 -1
3059 1550
3060 -1
3061 -1
3062 5456
3063 9281
3064 -1
3065 3893
3066 997
3067 5960
3068 -1
3069 -1
3070 -1
3071 8778
3072 -1
3073 -1
3074 -1
3075 -1
3076 3572
3077 -1
3078 -1
3079 6613
3080 -1
3081 -1
3082 -1
3083 935
3084 4534
3085 7146
3086 -1
3087 5016
3088 4545
3089 -1
3090 -1
3091 -1
3092 -1
3093 -1
3094 -1
3095 -1
3096 -1
3097 4573
3098 7083
3099 933
3100 8267
3101 -1
3102 -1
3103 -1
3104 -1
3105 -1
3106 -1
3107 -1
3108 6676
3109 -1
3110 -1
3111 -1
3112 -1
3113 -1
3114 -1
3115 -1
3116 8758
3117 -1
3118 -1
3119 -1
3120 -1
3121 -1
3122 -1
3123 -1
3124 5636
3125 -1
3126 -1
3127 2799
3128 -1
3129 -1
3130 -1
3131 1462
3132 -1
3133 -1
3134 -1
3135 5863
3136 -1
3137 4100
3138 4560
3139 4600
3140 2995
3141 5481
3142 8472
3143 -1
3144 -1
3145 -1
3146 7133
3147 -1
3148 -1
3149 3037
3150 -1
3151 -1
3152 -1
3153 -1
3154 9630
3155 -1
3156 701
3157 -1
3158 -1
3159 2975
3160 -1
3161 -1
3162 -1
3163 -1
3164 9388
3165 -1
3166 -1
3167 7208
3168 -1
3169 -1
3170 -1
3171 -1
3172 -1
3173 -1
3174 -1
3175 -1
3176 -1
3177 9358
3178 6576
3179 660
3180 -1
3181 -1
3182 8272
3183 -1
3184 -1
3185 -1
3186 5789
3187 -1
3188 -1
3189 -1
3190 725
3191 -1
3192 -1
3193 -1
3194 -1
3195 -1
3196 8326
3197 -1
3198 -1
3199 -1
3200 4910
3201 -1
3202 2924
3203 -1
3204 -1
3205 -1
3206 -1
3207 3459
3208 6898
3209 -1
3210 -1
3211 -1
3212 -1
3213 3321
3214 -1
3215 -1
3216 -1
3217 -1
3218 -1
3219 1507
3220 -1
3221 559
3222 -1
3223 1883
3224 -1
3225 -1
3226 -1
3227 -1
3228 -1
3229 -1
3230 -1
3231 4736
3232 3509
3233 -1
3234 3884
3235 894
3236 3276
3237 -1
3238 -1
3239 -1
3240 -1
3241 -1
3242 -1
3243 144
3244 -1
3245 -1
3246 -1
3247 -1
3248 731
3249 -1
3250 415
3251 -1
3252 -1
3253 -1
3254 -1
3255 -1
3256 8952
3257 -1
3258 -1
3259 8246
3260 -1
3261 6332
3262 -1
3263 -1
3264 -1
3265 -1
3266 6162
3267 -1
3268 -1
3269 -1
3270 -1
3271 -1
3272 8633
3273 -1
3274 -1
3275 -1
3276 4562
3277 -1
3278 -1
3279 9045
3280 9436
3281 -1
3282 -1
3283 -1
3284 -1
3285 -1
3286 -1
3287 -1
3288 -1
3289 -1
3290 -1
3291 -1
3292 -1
3293 2582
3294 5227
3295 -1
3296 -1
3297 -1
3298 -1
3299 -1
3300 -1
3301 -1
3302 -1
3303 -1
3304 -1
3305 -1
3306 -1
3307 -1
3308 -1
3309 -1
3310 -1
3311 -1
3312 -1
3313 -1
3314 -1
3315 2003
3316 -1
3317 8212
3318 -1
3319 -1
3320 413
3321 9230
3322 4959
3323 -1
3324 -1
3325 7856
3326 -1
3327 2203
3328 -1
3329 -1
3330 5194
3331 -1
3332 -1
3333 -1
3334 -1
3335 3924
3336 -1
3337 -1
3338 -1
3339 -1
3340 -1
3341 -1
3342 6113
3343 -1
3344 8413
3345 -1
3346 -1
3347 -1
3348 -1
3349 -1
3350 -1
3351 -1
3352 -1
3353 -1
3354 -1
3355 -1
3356 -1
3357 -1
3358 -1
3359 -1
3360 -1
3361 -1
3362 -1
3363 1261
3364 -1
3365 1056
3366 -1
3367 -1
3368 -1
3369 -1
3370 -1
3371 -1
3372 8377
3373 -1
3374 9539
3375 -1
3376 -1
3377 3808
3378 8150
3379 8986
3380 29
3381 1201
3382 7257
3383 5071
3384 9128
3385 -1
3386 -1
3387 9806
3388 4209
3389 -1
3390 -1
3391 2353
3392 -1
3393 2777
3394 5552
3395 -1
3396 -1
3397 8045
3398 -1
3399 3758
3400 226
3401 -1
3402 -1
3403 -1
3404 847
3405 2244
3406 -1
3407 -1
3408 -1
3409 -1
3410 -1
3411 -1
3412 -1
3413 -1
3414 8707
3415 -1
3416 -1
3417 -1
3418 -1
3419 9258
3420 -1
3421 -1
3422 -1
3423 -1
3424 -1
3425 -1
3426 -1
3427 3232
3428 -1
3429 -1
3430 -1
3431 7336
3432 9710
3433 5992
3434 3129
3435 -1
3436 -1
3437 8875
3438 -1
3439 -1
3440 1585
3441 -1
3442 -1
3443 -1
3444 8790
3445 883
3446 -1
3447 -1
3448 -1
3449 -1
3450 -1
3451 -1
3452 -1
3453 -1
3454 5319
3455 1536
3456 6405
3457 5460
3458 8781
3459 5905
3460 -1
3461 -1
3462 -1
3463 -1
3464 -1
3465 7289
3466 -1
3467 7569
3468 -1
3469 2231
3470 -1
3471 -1
3472 -1
3473 -1
3474 -1
3475 -1
3476 4031
3477 -1
3478 -1
3479 -1
3480 -1
3481 -1
3482 -1
3483 -1
3484 -1
3485 -1
3486 3494
3487 1972
3488 -1
3489 -1
3490 -1
3491 733
3492 4729
3493 -1
3494 9019
3495 -1
3496 -1
3497 -1
3498 -1
3499 -1
3500 -1
3501 3979
3502 963
3503 4665
3504 7442
3505 6029
3506 3908
3507 590
3508 -1
3509 7281
3510 6057
3511 6151
3512 7826
3513 5229
3514 1970
3515 -1
3516 2757
3517 6639
3518 3982
3519 -1
3520 -1
3521 -1
3522 -1
3523 4506
3524 -1
3525 -1
3526 -1
3527 913
3528 -1
3529 -1
3530 7020
3531 8819
3532 -1
3533 -1
3534 1625
3535 1983
3536 4870
3537 -1
3538 9369
3539 -1
3540 246
3541 -1
3542 -1
3543 7346
3544 7221
3545 -1
3546 -1
3547 -1
3548 -1
3549 2574
3550 420
3551 3880
3552 2498
3553 3613
3554 6863
3555 -1
3556 -1
3557 260
3558 -1
3559 -1
3560 -1
3561 -1
3562 -1
3563 -1
3564 -1
3565 -1
3566 707
3567 4592
3568 759
3569 -1
3570 4856
3571 557
3572 6244
3573 8378
3574 -1
3575 8393
3576 5381
3577 -1
3578 -1
3579 -1
3580 2613
3581 7825
3582 5711
3583 -1
3584 2058
3585 6241
3586 -1
3587 8164
3588 5766
3589 -1
3590 8284
3591 4911
3592 2873
3593 5762
3594 -1
3595 -1
3596 4509
3597 -1
3598 -1
3599 -1
3600 -1
3601 9372
3602 -1
3603 -1
3604 -1
3605 -1
3606 -1
3607 -1
3608 -1
3609 -1
3610 8254
3611 313
3612 -1
3613 3683
3614 -1
3615 1446
3616 -1
3617 -1
3618 -1
3619 -1
3620 9519
3621 -1
3622 -1
3623 2233
3624 7230
3625 -1
3626 -1
3627 8806
3628 6749
3629 -1
3630 1971
3631 -1
3632 -1
3633 -1
3634 -1
3635 4175
3636 3487
3637 9663
3638 1357
3639 9759
3640 -1
3641 -1
3642 -1
3643 6507
3644 9297
3645 -1
3646 3187
3647 2681
3648 5704
3649 -1
3650 2723
3651 -1
3652 -1
3653 -1
3654 -1
3655 -1
3656 -1
3657 3552
3658 73
3659 8766
3660 -1
3661 8162
3662 8127
3663 -1
3664 7399
3665 3989
3666 -1
3667 9646
3668 2423
3669 -1
3670 -1
3671 -1
3672 -1
3673 -1
3674 -1
3675 -1
3676 -1
3677 -1
3678 -1
3679 9429
3680 6149
3681 -1
3682 -1
3683 -1
3684 -1
3685 7548
3686 -1
3687 -1
3688 -1
3689 -1
3690 -1
3691 -1
3692 -1
3693 -1
3694 -1
3695 -1
3696 -1
3697 -1
3698 -1
3699 -1
3700 -1
3701 -1
3702 -1
3703 -1
3704 -1
3705 -1
3706 -1
3707 -1
3708 3685
3709 -1
3710 7015
3711 152
3712 3066
3713 -1
3714 1939
3715 -1
3716 -1
3717 -1
3718 -1
3719 2293
3720 591
3721 -1
3722 -1
3723 5117
3724 -1
3725 9186
3726 -1
3727 1235
3728 -1
3729 -1
3730 -1
3731 -1
3732 -1
3733 -1
3734 -1
3735 -1
3736 -1
3737 -1
3738 2038
3739 7423
3740 -1
3741 -1
3742 -1
3743 -1
3744 -1
3745 -1
3746 -1
3747 -1
3748 8523
3749 5343
3750 -1
3751 5666
3752 -1
3753 -1
3754 1240
3755 8984
3756 1618
3757 9940
3758 -1
3759 3965
3760 344
3761 7993
3762 9483
3763 -1
3764 -1
3765 936
3766 -1
3767 -1
3768 5085
3769 -1
3770 -1
3771 1082
3772 -1
3773 -1
3774 -1
3775 -1
3776 -1
3777 -1
3778 6169
3779 -1
3780 -1
3781 2112
3782 7643
3783 9301
3784 -1
3785 -1
3786 9129
3787 -1
3788 1247
3789 9294
3790 4006
3791 -1
3792 -1
3793 -1
3794 -1
3795 -1
3796 7749
3797 -1
3798 -1
3799 -1
3800 -1
3801 -1
3802 -1
3803 -1
3804 3789
3805 -1
3806 -1
3807 3096
3808 211
3809 3778
3810 9267
3811 2660
3812 2854
3813 -1
3814 -1
3815 9894
3816 -1
3817 -1
3818 4217
3819 9010
3820 -1
3821 767
3822 -1
3823 2055
3824 -1
3825 -1
3826 -1
3827 -1
3828 3871
3829 -1
3830 -1
3831 -1
3832 -1
3833 -1
3834 -1
3835 -1
3836 941
3837 815
3838 -1
3839 -1
3840 -1
3841 -1
3842 4119
3843 -1
3844 -1
3845 -1
3846 -1
3847 -1
3848 -1
3849 -1
3850 -1
3851 5975
3852 -1
3853 54
3854 6242
3855 6507
3856 -1
3857 -1
3858 2664
3859 -1
3860 -1
3861 9808
3862 -1
3863 -1
3864 -1
3865 8013
3866 -1
3867 -1
3868 8594
3869 2129
3870 5654
3871 2479
3872 8261
3873 8481
3874 -1
3875 740
3876 -1
3877 -1
3878 -1
3879 7848
3880 -1
3881 7711
3882 -1
3883 -1
3884 -1
3885 -1
3886 -1
3887 -1
3888 -1
3889 7193
3890 530
3891 3469
3892 9302
3893 2495
3894 5424
3895 -1
3896 -1
3897 5091
3898 -1
3899 8353
3900 2217
3901 6525
3902 2649
3903 8535
3904 -1
3905 7062
3906 9344
3907 1544
3908 8011
3909 -1
3910 -1
3911 -1
3912 -1
3913 -1
3914 -1
3915 -1
3916 -1
3917 7183
3918 -1
3919 -1
3920 -1
3921 -1
3922 -1
3923 -1
3924 3872
3925 7452
3926 -1
3927 7403
3928 3510
3929 -1
3930 5406
3931 1601
3932 3897
3933 -1
3934 950
3935 1460
3936 -1
3937 -1
3938 1362
3939 -1
3940 -1
3941 -1
3942 -1
3943 -1
3944 8542
3945 6994
3946 -1
3947 4915
3948 2437
3949 7960
3950 3889
3951 8052
3952 -1
3953 -1
3954 6564
3955 -1
3956 -1
3957 -1
3958 -1
3959 -1
3960 -1
3961 -1
3962 -1
3963 -1
3964 7161
3965 1565
3966 3861
3967 7895
3968 -1
3969 4062
3970 -1
3971 -1
3972 -1
3973 2441
3974 -1
3975 -1
3976 -1
3977 -1
3978 -1
3979 5164
3980 7142
3981 1959
3982 5151
3983 2978
3984 -1
3985 8309
3986 5750
3987 4171
3988 -1
3989 8223
3990 -1
3991 7762
3992 -1
3993 -1
3994 7805
3995 -1
3996 -1
3997 -1
3998 -1
3999 1896
4000 8748
4001 3809
4002 -1
4003 -1
4004 2639
4005 -1
4006 6377
4007 -1
4008 -1
4009 9801
4010 4820
4011 -1
4012 -1
4013 -1
4014 1180
4015 -1
4016 -1
4017 -1
4018 -1
4019 -1
4020 -1
4021 -1
4022 -1
4023 -1
4024 7947
4025 471
4026 2288
4027 -1
4028 -1
4029 -1
4030 -1
4031 817
4032 3315
4033 4958
4034 9246
4035 3531
4036 -1
4037 -1
4038 9706
4039 -1
4040 7925
4041 1433
4042 5587
4043 -1
4044 -1
4045 -1
4046 3035
4047 -1
4048 1516
4049 -1
4050 -1
4051 722
4052 -1
4053 148
4054 5224
4055 8049
4056 7615
4057 4825
4058 -1
4059 3757
4060 39
4061 -1
4062 4168
4063 2426
4064 -1
4065 -1
4066 -1
4067 -1
4068 -1
4069 -1
4070 -1
4071 -1
4072 -1
4073 8869
4074 -1
4075 8037
4076 380
4077 -1
4078 1452
4079 9333
4080 5097
4081 6421
4082 5630
4083 2948
4084 -1
4085 -1
4086 2752
4087 -1
4088 -1
4089 -1
4090 -1
4091 5228
4092 9957
4093 -1
4094 -1
4095 -1
4096 -1
4097 7782
4098 -1
4099 -1
4100 7698
4101 -1
4102 -1
4103 -1
4104 -1
4105 -1
4106 -1
4107 -1
4108 4252
4109 1286
4110 5367
4111 -1
4112 -1
4113 -1
4114 -1
4115 1669
4116 -1
4117 4788
4118 -1
4119 2192
4120 196
4121 5679
4122 6703
4123 8262
4124 2976
4125 -1
4126 -1
4127 -1
4128 -1
4129 -1
4130 -1
4131 -1
4132 -1
4133 -1
4134 1979
4135 4832
4136 6148
4137 -1
4138 8093
4139 7355
4140 -1
4141 -1
4142 -1
4143 845
4144 7824
4145 -1
4146 -1
4147 -1
4148 -1
4149 -1
4150 -1
4151 -1
4152 -1
4153 -1
4154 -1
4155 3879
4156 9555
4157 -1
4158 9341
4159 -1
4160 2694
4161 -1
4162 -1
4163 2277
4164 -1
4165 -1
4166 2056
4167 9298
4168 146
4169 5812
4170 -1
4171 4984
4172 6656
4173 8639
4174 8232
4175 9745
4176 3404
4177 5220
4178 2398
4179 122
4180 9937
4181 -1
4182 -1
4183 4851
4184 -1
4185 -1
4186 -1
4187 6037
4188 2476
4189 2253
4190 9487
4191 4552
4192 5848
4193 6292
4194 -1
4195 6517
4196 2899
4197 -1
4198 8747
4199 -1
4200 7525
4201 -1
4202 -1
4203 8415
4204 9958
4205 5087
4206 -1
4207 461
4208 -1
4209 1230
4210 1059
4211 4507
4212 -1
4213 -1
4214 -1
4215 -1
4216 -1
4217 8574
4218 1775
4219 7226
4220 2990
4221 -1
4222 -1
4223 -1
4224 9063
4225 -1
4226 8237
4227 -1
4228 -1
4229 -1
4230 -1
4231 -1
4232 9965
4233 3630
4234 9875
4235 -1
4236 -1
4237 -1
4238 -1
4239 -1
4240 523
4241 6688
4242 4776
4243 -1
4244 5788
4245 -1
4246 -1
4247 -1
4248 -1
4249 -1
4250 -1
4251 -1
4252 7584
4253 -1
4254 9817
4255 587
4256 4200
4257 7451
4258 9944
4259 -1
4260 9968
4261 7184
4262 -1
4263 2536
4264 -1
4265 2134
4266 9969
4267 -1
4268 -1
4269 -1
4270 -1
4271 -1
4272 -1
4273 -1
4274 -1
4275 -1
4276 2292
4277 -1
4278 -1
4279 9778
4280 -1
4281 -1
4282 -1
4283 -1
4284 -1
4285 -1
4286 8821
4287 -1
4288 4618
4289 -1
4290 -1
4291 7624
4292 4598
4293 9900
4294 7266
4295 -1
4296 -1
4297 -1
4298 -1
4299 -1
4300 8518
4301 -1
4302 -1
4303 3570
4304 -1
4305 5322
4306 5451
4307 -1
4308 8785
4309 4294
4310 1987
4311 2421
4312 -1
4313 -1
4314 -1
4315 1842
4316 -1
4317 -1
4318 -1
4319 -1
4320 -1
4321 -1
4322 6433
4323 -1
4324 7103
4325 -1
4326 -1
4327 2563
4328 9197
4329 1515
4330 8053
4331 3954
4332 -1
4333 4836
4334 -1
4335 -1
4336 9226
4337 -1
4338 -1
4339 -1
4340 -1
4341 -1
4342 4676
4343 -1
4344 -1
4345 -1
4346 -1
4347 -1
4348 -1
4349 -1
4350 -1
4351 -1
4352 1403
4353 -1
4354 -1
4355 -1
4356 5166
4357 7496
4358 -1
4359 -1
4360 -1
4361 -1
4362 -1
4363 831
4364 -1
4365 -1
4366 3968
4367 3431
4368 724
4369 -1
4370 4000
4371 4920
4372 -1
4373 -1
4374 8009
4375 -1
4376 -1
4377 2979
4378 -1
4379 8026
4380 606
4381 9140
4382 2004
4383 486
4384 -1
4385 -1
4386 -1
4387 9451
4388 -1
4389 1252
4390 9956
4391 -1
4392 -1
4393 -1
4394 -1
4395 -1
4396 -1
4397 -1
4398 7867
4399 7154
4400 6824
4401 -1
4402 -1
4403 -1
4404 -1
4405 -1
4406 -1
4407 -1
4408 -1
4409 3217
4410 8177
4411 2630
4412 -1
4413 -1
4414 7787
4415 8474
4416 6787
4417 8183
4418 2682
4419 6601
4420 -1
4421 5204
4422 6463
4423 -1
4424 8871
4425 -1
4426 -1
4427 -1
4428 1102
4429 1508
4430 -1
4431 -1
4432 8604
4433 9423
4434 932
4435 9578
4436 6340
4437 926
4438 -1
4439 -1
4440 7709
4441 -1
4442 7585
4443 2061
4444 -1
4445 -1
4446 -1
4447 -1
4448 -1
4449 3760
4450 -1
4451 -1
4452 -1
4453 -1
4454 7121
4455 -1
4456 -1
4457 -1
4458 -1
4459 -1
4460 5579
4461 -1
4462 -1
4463 -1
4464 -1
4465 3981
4466 3224
4467 8585
4468 -1
4469 5320
4470 -1
4471 -1
4472 -1
4473 3303
4474 2756
4475 -1
4476 -1
4477 -1
4478 -1
4479 6141
4480 -1
4481 -1
4482 -1
4483 -1
4484 -1
4485 7951
4486 6221
4487 -1
4488 -1
4489 -1
4490 -1
4491 318
4492 8165
4493 8173
4494 5621
4495 8198
4496 7472
4497 6140
4498 7388
4499 1801
4500 8095
4501 5732
4502 -1
4503 9940
4504 5280
4505 -1
4506 8342
4507 5325
4508 -1
4509 2575
4510 -1
4511 1257
4512 -1
4513 4486
4514 -1
4515 6583
4516 436
4517 -1
4518 -1
4519 -1
4520 -1
4521 -1
4522 -1
4523 -1
4524 2387
4525 -1
4526 -1
4527 4905
4528 9271
4529 -1
4530 -1
4531 -1
4532 -1
4533 -1
4534 -1
4535 -1
4536 -1
4537 5784
4538 4794
4539 -1
4540 -1
4541 9562
4542 3549
4543 4024
4544 -1
4545 9056
4546 9955
4547 -1
4548 -1
4549 9422
4550 2840
4551 -1
4552 4193
4553 3936
4554 4046
4555 -1
4556 1614
4557 8621
4558 1132
4559 9024
4560 6580
4561 388
4562 5633
4563 -1
4564 2374
4565 -1
4566 -1
4567 -1
4568 -1
4569 -1
4570 6132
4571 -1
4572 -1
4573 1037
4574 -1
4575 8587
4576 7383
4577 -1
4578 -1
4579 -1
4580 -1
4581 5775
4582 -1
4583 -1
4584 -1
4585 -1
4586 -1
4587 9070
4588 -1
4589 -1
4590 -1
4591 -1
4592 3768
4593 -1
4594 -1
4595 297
4596 4260
4597 9520
4598 -1
4599 8416
4600 1779
4601 -1
4602 -1
4603 7654
4604 -1
4605 1090
4606 4541
4607 447
4608 9621
4609 7668
4610 1394
4611 3235
4612 9620
4613 9104
4614 -1
4615 -1
4616 -1
4617 -1
4618 7080
4619 7799
4620 875
4621 -1
4622 -1
4623 -1
4624 8358
4625 -1
4626 -1
4627 -1
4628 -1
4629 -1
4630 4136
4631 -1
4632 3388
4633 -1
4634 7389
4635 -1
4636 -1
4637 8041
4638 -1
4639 5639
4640 7958
4641 -1
4642 4063
4643 -1
4644 9611
4645 -1
4646 6404
4647 -1
4648 1753
4649 5316
4650 -1
4651 -1
4652 -1
4653 -1
4654 -1
4655 -1
4656 527
4657 2262
4658 4093
4659 -1
4660 -1
4661 -1
4662 10
4663 -1
4664 -1
4665 2952
4666 7722
4667 3324
4668 8931
4669 8623
4670 -1
4671 -1
4672 3805
4673 5503
4674 -1
4675 -1
4676 -1
4677 -1
4678 -1
4679 6011
4680 285
4681 7123
4682 6373
4683 3544
4684 -1
4685 -1
4686 8603
4687 8220
4688 7829
4689 9939
4690 -1
4691 -1
4692 -1
4693 -1
4694 -1
4695 -1
4696 -1
4697 -1
4698 -1
4699 -1
4700 -1
4701 -1
4702 5345
4703 -1
4704 -1
4705 -1
4706 -1
4707 7414
4708 1211
4709 -1
4710 8192
4711 434
4712 5695
4713 -1
4714 1269
4715 -1
4716 -1
4717 3219
4718 -1
4719 -1
4720 -1
4721 3667
4722 -1
4723 -1
4724 -1
4725 -1
4726 -1
4727 7197
4728 1146
4729 4371
4730 9588
4731 -1
4732 9423
4733 6142
4734 9805
4735 -1
4736 -1
4737 -1
4738 4831
4739 -1
4740 -1
4741 -1
4742 -1
4743 -1
4744 -1
4745 4757
4746 -1
4747 -1
4748 -1
4749 6319
4750 2915
4751 -1
4752 -1
4753 -1
4754 -1
4755 -1
4756 -1
4757 3399
4758 -1
4759 4596
4760 -1
4761 3765
4762 -1
4763 -1
4764 3053
4765 7964
4766 -1
4767 -1
4768 -1
4769 -1
4770 -1
4771 -1
4772 -1
4773 -1
4774 -1
4775 4708
4776 7114
4777 -1
4778 -1
4779 7428
4780 -1
4781 -1
4782 7588
4783 2595
4784 6224
4785 -1
4786 5442
4787 9196
4788 1645
4789 -1
4790 1999
4791 7444
4792 9229
4793 -1
4794 7724
4795 7085
4796 -1
4797 3538
4798 -1
4799 -1
4800 6062
4801 -1
4802 -1
4803 -1
4804 -1
4805 -1
4806 -1
4807 2636
4808 377
4809 -1
4810 -1
4811 -1
4812 9790
4813 -1
4814 -1
4815 -1
4816 7367
4817 -1
4818 -1
4819 -1
4820 -1
4821 -1
4822 -1
4823 69
4824 6279
4825 2475
4826 -1
4827 -1
4828 3018
4829 387
4830 -1
4831 8590
4832 -1
4833 -1
4834 -1
4835 -1
4836 3530
4837 -1
4838 -1
4839 5376
4840 7662
4841 7853
4842 -1
4843 -1
4844 -1
4845 -1
4846 -1
4847 -1
4848 4797
4849 8651
4850 -1
4851 5295
4852 619
4853 -1
4854 -1
4855 4823
4856 9152
4857 5035
4858 661
4859 6524
4860 8873
4861 9986
4862 405
4863 -1
4864 -1
4865 2972
4866 -1
4867 -1
4868 -1
4869 -1
4870 3796
4871 7960
4872 5056
4873 9426
4874 -1
4875 -1
4876 7658
4877 2463
4878 -1
4879 -1
4880 -1
4881 -1
4882 -1
4883 1453
4884 6890
4885 6204
4886 7494
4887 2048
4888 3250
4889 8643
4890 1190
4891 4821
4892 9667
4893 8663
4894 9338
4895 -1
4896 2606
4897 -1
4898 356
4899 -1
4900 8908
4901 -1
4902 7120
4903 -1
4904 -1
4905 -1
4906 -1
4907 -1
4908 -1
4909 -1
4910 -1
4911 -1
4912 -1
4913 4575
4914 -1
4915 8960
4916 8704
4917 1297
4918 -1
4919 2085
4920 1054
4921 8822
4922 -1
4923 4777
4924 4570
4925 -1
4926 0
4927 244
4928 -1
4929 -1
4930 -1
4931 -1
4932 -1
4933 8228
4934 -1
4935 -1
4936 -1
4937 -1
4938 -1
4939 -1
4940 -1
4941 -1
4942 -1
4943 -1
4944 6701
4945 -1
4946 8617
4947 -1
4948 -1
4949 -1
4950 -1
4951 -1
4952 -1
4953 1617
4954 -1
4955 -1
4956 -1
4957 -1
4958 289
4959 6871
4960 -1
4961 -1
4962 -1
4963 -1
4964 -1
4965 -1
4966 -1
4967 -1
4968 18
4969 4862
4970 8035
4971 3986
4972 9115
4973 -1
4974 -1
4975 9676
4976 -1
4977 -1
4978 3015
4979 -1
4980 -1
4981 -1
4982 -1
4983 5194
4984 3854
4985 -1
4986 -1
4987 3904
4988 6635
4989 -1
4990 -1
4991 4644
4992 2805
4993 3457
4994 9256
4995 577
4996 -1
4997 7695
4998 3345
4999 -1
5000 1266
5001 -1
5002 -1
5003 -1
5004 -1
5005 8089
5006 1516
5007 849
5008 -1
5009 1980
5010 -1
5011 1495
5012 -1
5013 -1
5014 48
5015 5020
5016 -1
5017 -1
5018 -1
5019 -1
5020 -1
5021 -1
5022 -1
5023 -1
5024 -1
5025 -1
5026 -1
5027 4432
5028 485
5029 6812
5030 -1
5031 -1
5032 -1
5033 -1
5034 -1
5035 4926
5036 -1
5037 -1
5038 -1
5039 -1
5040 8681
5041 -1
5042 -1
5043 -1
5044 -1
5045 8810
5046 6978
5047 -1
5048 1168
5049 -1
5050 -1
5051 -1
5052 -1
5053 -1
5054 -1
5055 9290
5056 265
5057 -1
5058 729
5059 62
5060 -1
5061 -1
5062 -1
5063 -1
5064 3044
5065 8459
5066 -1
5067 -1
5068 -1
5069 -1
5070 -1
5071 -1
5072 -1
5073 -1
5074 -1
5075 1946
5076 -1
5077 -1
5078 -1
5079 8268
5080 7205
5081 -1
5082 8883
5083 4504
5084 -1
5085 4975
5086 -1
5087 1492
5088 2271
5089 -1
5090 7503
5091 7404
5092 5652
5093 5157
5094 521
5095 -1
5096 -1
5097 5420
5098 8251
5099 -1
5100 -1
5101 -1
5102 -1
5103 -1
5104 -1
5105 -1
5106 -1
5107 -1
5108 -1
5109 -1
5110 -1
5111 -1
5112 4554
5113 -1
5114 -1
5115 -1
5116 -1
5117 -1
5118 1191
5119 -1
5120 3948
5121 -1
5122 9928
5123 3596
5124 -1
5125 -1
5126 -1
5127 -1
5128 3213
5129 -1
5130 -1
5131 -1
5132 9824
5133 -1
5134 1649
5135 7372
5136 -1
5137 -1
5138 -1
5139 6069
5140 3067
5141 -1
5142 -1
5143 8928
5144 -1
5145 -1
5146 1584
5147 -1
5148 7089
5149 -1
5150 -1
5151 3817
5152 -1
5153 -1
5154 3855
5155 -1
5156 -1
5157 8454
5158 -1
5159 -1
5160 3873
5161 -1
5162 4443
5163 -1
5164 -1
5165 -1
5166 4189
5167 -1
5168 -1
5169 -1
5170 -1
5171 -1
5172 -1
5173 -1
5174 6287
5175 -1
5176 4305
5177 -1
5178 2746
5179 -1
5180 -1
5181 -1
5182 -1
5183 8550
5184 -1
5185 -1
5186 -1
5187 -1
5188 -1
5189 -1
5190 4207
5191 -1
5192 -1
5193 -1
5194 9690
5195 -1
5196 -1
5197 -1
5198 -1
5199 1806
5200 -1
5201 7406
5202 844
5203 4849
5204 2537
5205 -1
5206 -1
5207 8673
5208 -1
5209 -1
5210 1991
5211 -1
5212 -1
5213 -1
5214 -1
5215 -1
5216 -1
5217 424
5218 -1
5219 5472
5220 5015
5221 684
5222 1776
5223 3454
5224 7929
5225 -1
5226 -1
5227 -1
5228 1745
5229 215
5230 -1
5231 3950
5232 -1
5233 -1
5234 -1
5235 -1
5236 7259
5237 -1
5238 -1
5239 3903
5240 -1
5241 -1
5242 -1
5243 9949
5244 -1
5245 -1
5246 -1
5247 -1
5248 3858
5249 -1
5250 -1
5251 -1
5252 7011
5253 -1
5254 -1
5255 -1
5256 -1
5257 -1
5258 -1
5259 4640
5260 -1
5261 -1
5262 -1
5263 -1
5264 -1
5265 -1
5266 -1
5267 -1
5268 -1
5269 -1
5270 1435
5271 2485
5272 7217
5273 -1
5274 -1
5275 -1
5276 -1
5277 6086
5278 -1
5279 -1
5280 1473
5281 8381
5282 -1
5283 -1
5284 3937
5285 -1
5286 -1
5287 -1
5288 -1
5289 -1
5290 -1
5291 -1
5292 -1
5293 5565
5294 -1
5295 7014
5296 2982
5297 8914
5298 2019
5299 4953
5300 441
5301 6998
5302 9356
5303 -1
5304 -1
5305 -1
5306 -1
5307 -1
5308 -1
5309 -1
5310 9002
5311 -1
5312 1677
5313 -1
5314 -1
5315 3511
5316 420
5317 -1
5318 -1
5319 9095
5320 6973
5321 7928
5322 773
5323 3400
5324 371
5325 -1
5326 474
5327 5772
5328 7185
5329 -1
5330 -1
5331 -1
5332 -1
5333 -1
5334 -1
5335 -1
5336 910
5337 -1
5338 -1
5339 -1
5340 -1
5341 -1
5342 -1
5343 7959
5344 153
5345 7256
5346 7647
5347 9873
5348 6680
5349 -1
5350 -1
5351 -1
5352 -1
5353 -1
5354 -1
5355 9334
5356 -1
5357 8418
5358 -1
5359 -1
5360 -1
5361 -1
5362 6975
5363 2687
5364 2144
5365 7942
5366 -1
5367 2611
5368 -1
5369 5465
5370 -1
5371 -1
5372 -1
5373 1843
5374 -1
5375 -1
5376 6400
5377 -1
5378 2231
5379 -1
5380 -1
5381 6730
5382 -1
5383 -1
5384 -1
5385 7860
5386 -1
5387 -1
5388 -1
5389 -1
5390 -1
5391 -1
5392 -1
5393 -1
5394 -1
5395 -1
5396 -1
5397 -1
5398 -1
5399 -1
5400 366
5401 1657
5402 -1
5403 367
5404 -1
5405 -1
5406 -1
5407 -1
5408 4466
5409 -1
5410 -1
5411 -1
5412 9656
5413 -1
5414 -1
5415 -1
5416 7863
5417 -1
5418 -1
5419 -1
5420 3059
5421 -1
5422 -1
5423 -1
5424 5120
5425 -1
5426 -1
5427 7207
5428 -1
5429 -1
5430 -1
5431 -1
5432 -1
5433 -1
5434 -1
5435 7874
5436 9936
5437 5323
5438 -1
5439 -1
5440 -1
5441 -1
5442 555
5443 -1
5444 -1
5445 5324
5446 -1
5447 -1
5448 -1
5449 -1
5450 -1
5451 6894
5452 5527
5453 -1
5454 -1
5455 -1
5456 9812
5457 -1
5458 -1
5459 3846
5460 2286
5461 -1
5462 -1
5463 6064
5464 1908
5465 2677
5466 -1
5467 3584
5468 -1
5469 4399
5470 1221
5471 -1
5472 6526
5473 397
5474 -1
5475 827
5476 3949
5477 -1
5478 -1
5479 -1
5480 -1
5481 6997
5482 6882
5483 5691
5484 2834
5485 9336
5486 -1
5487 -1
5488 6047
5489 -1
5490 -1
5491 -1
5492 -1
5493 -1
5494 3901
5495 100
5496 2202
5497 4415
5498 4783
5499 -1
5500 -1
5501 -1
5502 -1
5503 -1
5504 -1
5505 1309
5506 -1
5507 -1
5508 -1
5509 -1
5510 -1
5511 1278
5512 2020
5513 -1
5514 -1
5515 -1
5516 -1
5517 -1
5518 -1
5519 -1
5520 -1
5521 -1
5522 -1
5523 -1
5524 -1
5525 3501
5526 -1
5527 3749
5528 386
5529 -1
5530 5236
5531 -1
5532 -1
5533 9909
5534 -1
5535 -1
5536 -1
5537 -1
5538 -1
5539 5272
5540 -1
5541 -1
5542 -1
5543 -1
5544 6343
5545 5094
5546 -1
5547 -1
5548 -1
5549 -1
5550 7704
5551 1110
5552 7887
5553 -1
5554 -1
5555 -1
5556 4382
5557 -1
5558 -1
5559 -1
5560 -1
5561 -1
5562 7715
5563 -1
5564 -1
5565 2217
5566 -1
5567 9012
5568 -1
5569 -1
5570 -1
5571 -1
5572 -1
5573 -1
5574 -1
5575 -1
5576 7147
5577 -1
5578 3261
5579 9227
5580 -1
5581 7773
5582 -1
5583 -1
5584 -1
5585 -1
5586 -1
5587 1401
5588 8842
5589 -1
5590 -1
5591 -1
5592 -1
5593 -1
5594 6742
5595 -1
5596 9000
5597 -1
5598 -1
5599 -1
5600 -1
5601 7871
5602 5463
5603 7255
5604 -1
5605 1457
5606 8792
5607 -1
5608 8879
5609 -1
5610 500
5611 -1
5612 6269
5613 -1
5614 -1
5615 -1
5616 7788
5617 -1
5618 1154
5619 9948
5620 -1
5621 7119
5622 -1
5623 3007
5624 8412
5625 7805
5626 8596
5627 -1
5628 1128
5629 94
5630 4921
5631 -1
5632 -1
5633 4292
5634 9753
5635 -1
5636 480
5637 -1
5638 -1
5639 5662
5640 7112
5641 5219
5642 2950
5643 147
5644 -1
5645 -1
5646 -1
5647 -1
5648 2367
5649 -1
5650 1891
5651 9961
5652 7758
5653 703
5654 1237
5655 8843
5656 -1
5657 -1
5658 -1
5659 -1
5660 -1
5661 -1
5662 8236
5663 -1
5664 6895
5665 -1
5666 -1
5667 -1
5668 7944
5669 -1
5670 -1
5671 -1
5672 -1
5673 -1
5674 -1
5675 -1
5676 -1
5677 -1
5678 4603
5679 -1
5680 -1
5681 2410
5682 -1
5683 -1
5684 3912
5685 1614
5686 -1
5687 -1
5688 -1
5689 -1
5690 4511
5691 8809
5692 -1
5693 7445
5694 5790
5695 3821
5696 7240
5697 -1
5698 4183
5699 -1
5700 -1
5701 -1
5702 -1
5703 4983
5704 7076
5705 564
5706 9862
5707 531
5708 4646
5709 -1
5710 -1
5711 -1
5712 -1
5713 8153
5714 -1
5715 -1
5716 -1
5717 -1
5718 -1
5719 2200
5720 1491
5721 -1
5722 -1
5723 7740
5724 1331
5725 -1
5726 -1
5727 -1
5728 2330
5729 -1
5730 -1
5731 5203
5732 9821
5733 1587
5734 5326
5735 -1
5736 -1
5737 -1
5738 -1
5739 -1
5740 -1
5741 -1
5742 -1
5743 -1
5744 -1
5745 -1
5746 6744
5747 8036
5748 -1
5749 -1
5750 3427
5751 4894
5752 4169
5753 5465
5754 7128
5755 -1
5756 -1
5757 -1
5758 -1
5759 -1
5760 8877
5761 7313
5762 9851
5763 -1
5764 -1
5765 -1
5766 8737
5767 -1
5768 -1
5769 -1
5770 -1
5771 6866
5772 7261
5773 -1
5774 -1
5775 3853
5776 4053
5777 -1
5778 3364
5779 5075
5780 -1
5781 -1
5782 -1
5783 -1
5784 6179
5785 -1
5786 5027
5787 -1
5788 3899
5789 5475
5790 4682
5791 -1
5792 2629
5793 -1
5794 -1
5795 2487
5796 -1
5797 -1
5798 -1
5799 -1
5800 2276
5801 -1
5802 6683
5803 -1
5804 -1
5805 -1
5806 -1
5807 9054
5808 -1
5809 -1
5810 -1
5811 2672
5812 8714
5813 9506
5814 -1
5815 -1
5816 1944
5817 645
5818 7539
5819 5358
5820 593
5821 -1
5822 -1
5823 -1
5824 -1
5825 -1
5826 4387
5827 -1
5828 3871
5829 -1
5830 -1
5831 -1
5832 -1
5833 -1
5834 6820
5835 -1
5836 1370
5837 -1
5838 -1
5839 -1
5840 -1
5841 -1
5842 -1
5843 -1
5844 -1
5845 -1
5846 -1
5847 -1
5848 8857
5849 -1
5850 -1
5851 -1
5852 -1
5853 -1
5854 -1
5855 -1
5856 -1
5857 -1
5858 4820
5859 -1
5860 -1
5861 569
5862 2687
5863 2543
5864 -1
5865 525
5866 -1
5867 -1
5868 -1
5869 -1
5870 -1
5871 6558
5872 2896
5873 128
5874 8876
5875 6271
5876 -1
5877 765
5878 4923
5879 -1
5880 -1
5881 3980
5882 -1
5883 -1
5884 -1
5885 -1
5886 5253
5887 6387
5888 -1
5889 9592
5890 7851
5891 -1
5892 3891
5893 -1
5894 -1
5895 2013
5896 -1
5897 -1
5898 9860
5899 -1
5900 -1
5901 -1
5902 -1
5903 2708
5904 -1
5905 2811
5906 -1
5907 -1
5908 -1
5909 -1
5910 -1
5911 -1
5912 665
5913 9139
5914 6114
5915 -1
5916 -1
5917 -1
5918 5302
5919 -1
5920 -1
5921 -1
5922 -1
5923 8172
5924 -1
5925 -1
5926 -1
5927 -1
5928 -1
5929 -1
5930 -1
5931 -1
5932 -1
5933 -1
5934 -1
5935 9360
5936 8126
5937 -1
5938 8194
5939 -1
5940 -1
5941 -1
5942 -1
5943 -1
5944 1919
5945 4082
5946 -1
5947 5596
5948 -1
5949 9434
5950 -1
5951 -1
5952 -1
5953 -1
5954 -1
5955 9108
5956 -1
5957 8286
5958 -1
5959 -1
5960 -1
5961 -1
5962 -1
5963 3627
5964 -1
5965 -1
5966 -1
5967 5086
5968 6395
5969 6644
5970 -1
5971 -1
5972 -1
5973 -1
5974 4315
5975 -1
5976 7046
5977 1018
5978 -1
5979 2571
5980 7004
5981 4063
5982 -1
5983 -1
5984 6398
5985 -1
5986 4594
5987 8359
5988 -1
5989 -1
5990 3259
5991 2985
5992 8275
5993 -1
5994 -1
5995 -1
5996 -1
5997 -1
5998 -1
5999 -1
6000 -1
6001 -1
6002 -1
6003 -1
6004 -1
6005 5820
6006 -1
6007 -1
6008 -1
6009 -1
6010 -1
6011 6042
6012 5136
6013 -1
6014 -1
6015 -1
6016 -1
6017 -1
6018 -1
6019 1771
6020 -1
6021 -1
6022 7507
6023 -1
6024 -1
6025 -1
6026 -1
6027 2526
6028 -1
6029 8996
6030 5771
6031 6197
6032 -1
6033 -1
6034 -1
6035 2718
6036 4656
6037 8051
6038 8696
6039 -1
6040 -1
6041 -1
6042 3534
6043 1921
6044 5882
6045 8543
6046 476
6047 6502
6048 -1
6049 8017
6050 -1
6051 -1
6052 -1
6053 -1
6054 -1
6055 -1
6056 -1
6057 -1
6058 -1
6059 -1
6060 -1
6061 -1
6062 8589
6063 3294
6064 3594
6065 6614
6066 8458
6067 -1
6068 -1
6069 6165
6070 -1
6071 -1
6072 -1
6073 -1
6074 -1
6075 4211
6076 5602
6077 -1
6078 -1
6079 -1
6080 -1
6081 -1
6082 -1
6083 -1
6084 -1
6085 -1
6086 6316
6087 -1
6088 78
6089 -1
6090 -1
6091 -1
6092 -1
6093 -1
6094 9951
6095 9791
6096 3929
6097 -1
6098 7972
6099 -1
6100 -1
6101 -1
6102 6563
6103 -1
6104 -1
6105 6618
6106 2936
6107 -1
6108 -1
6109 -1
6110 -1
6111 -1
6112 -1
6113 8080
6114 6576
6115 -1
6116 -1
6117 -1
6118 -1
6119 -1
6120 3985
6121 -1
6122 -1
6123 7796
6124 1377
6125 -1
6126 -1
6127 7425
6128 -1
6129 -1
6130 -1
6131 -1
6132 4995
6133 8853
6134 7050
6135 -1
6136 -1
6137 4275
6138 -1
6139 -1
6140 -1
6141 7619
6142 2871
6143 -1
6144 -1
6145 6242
6146 -1
6147 -1
6148 4484
6149 2859
6150 -1
6151 3467
6152 4390
6153 5467
6154 -1
6155 -1
6156 -1
6157 -1
6158 -1
6159 -1
6160 -1
6161 -1
6162 8910
6163 6506
6164 4680
6165 8697
6166 -1
6167 -1
6168 -1
6169 -1
6170 -1
6171 -1
6172 -1
6173 -1
6174 -1
6175 -1
6176 1962
6177 1547
6178 -1
6179 -1
6180 -1
6181 -1
6182 -1
6183 -1
6184 8677
6185 -1
6186 -1
6187 2546
6188 -1
6189 -1
6190 -1
6191 -1
6192 -1
6193 -1
6194 6580
6195 -1
6196 -1
6197 6633
6198 7449
6199 -1
6200 -1
6201 -1
6202 7036
6203 -1
6204 7335
6205 -1
6206 -1
6207 -1
6208 -1
6209 8856
6210 -1
6211 3938
6212 -1
6213 340
6214 -1
6215 -1
6216 -1
6217 -1
6218 -1
6219 2125
6220 9094
6221 4009
6222 320
6223 7248
6224 -1
6225 4620
6226 -1
6227 9469
6228 8109
6229 514
6230 2334
6231 -1
6232 2386
6233 -1
6234 9447
6235 -1
6236 -1
6237 -1
6238 -1
6239 -1
6240 -1
6241 9652
6242 3828
6243 -1
6244 320
6245 -1
6246 -1
6247 -1
6248 -1
6249 4542
6250 -1
6251 -1
6252 1578
6253 -1
6254 -1
6255 -1
6256 5293
6257 -1
6258 -1
6259 -1
6260 -1
6261 2465
6262 809
6263 -1
6264 -1
6265 6778
6266 -1
6267 -1
6268 3063
6269 2944
6270 -1
6271 1013
6272 -1
6273 -1
6274 -1
6275 -1
6276 -1
6277 -1
6278 -1
6279 1132
6280 -1
6281 -1
6282 -1
6283 -1
6284 -1
6285 -1
6286 -1
6287 2195
6288 552
6289 2987
6290 -1
6291 2947
6292 1920
6293 -1
6294 3730
6295 -1
6296 -1
6297 -1
6298 3635
6299 -1
6300 -1
6301 -1
6302 -1
6303 6768
6304 -1
6305 -1
6306 -1
6307 -1
6308 -1
6309 -1
6310 -1
6311 -1
6312 3783
6313 -1
6314 6805
6315 -1
6316 -1
6317 -1
6318 -1
6319 -1
6320 8363
6321 -1
6322 -1
6323 -1
6324 -1
6325 4465
6326 -1
6327 9589
6328 -1
6329 -1
6330 5952
6331 -1
6332 7258
6333 -1
6334 -1
6335 -1
6336 -1
6337 -1
6338 -1
6339 -1
6340 -1
6341 -1
6342 -1
6343 2311
6344 -1
6345 -1
6346 -1
6347 -1
6348 3365
6349 -1
6350 9307
6351 -1
6352 -1
6353 -1
6354 -1
6355 -1
6356 -1
6357 -1
6358 -1
6359 -1
6360 -1
6361 -1
6362 -1
6363 -1
6364 -1
6365 -1
6366 6381
6367 -1
6368 4956
6369 -1
6370 -1
6371 -1
6372 -1
6373 4595
6374 -1
6375 4357
6376 -1
6377 8951
6378 -1
6379 9217
6380 -1
6381 5122
6382 1055
6383 3272
6384 214
6385 9149
6386 5874
6387 6386
6388 7573
6389 -1
6390 886
6391 7109
6392 4610
6393 517
6394 5494
6395 -1
6396 3140
6397 2536
6398 5429
6399 5464
6400 9464
6401 -1
6402 -1
6403 -1
6404 8178
6405 9300
6406 -1
6407 -1
6408 -1
6409 -1
6410 -1
6411 -1
6412 -1
6413 -1
6414 -1
6415 688
6416 -1
6417 -1
6418 -1
6419 5685
6420 8794
6421 -1
6422 -1
6423 -1
6424 -1
6425 5134
6426 7669
6427 7948
6428 4323
6429 700
6430 -1
6431 7424
6432 2956
6433 3248
6434 -1
6435 8581
6436 -1
6437 6715
6438 -1
6439 -1
6440 -1
6441 -1
6442 -1
6443 1766
6444 -1
6445 -1
6446 -1
6447 -1
6448 -1
6449 -1
6450 -1
6451 8234
6452 7798
6453 -1
6454 -1
6455 -1
6456 -1
6457 -1
6458 3135
6459 5297
6460 -1
6461 2551
6462 4553
6463 -1
6464 -1
6465 -1
6466 -1
6467 -1
6468 -1
6469 -1
6470 -1
6471 -1
6472 -1
6473 -1
6474 -1
6475 7534
6476 -1
6477 -1
6478 -1
6479 4639
6480 8798
6481 2764
6482 7572
6483 4717
6484 7417
6485 -1
6486 7194
6487 -1
6488 1306
6489 4300
6490 -1
6491 -1
6492 -1
6493 -1
6494 -1
6495 6965
6496 7719
6497 3231
6498 -1
6499 9950
6500 2968
6501 5629
6502 8176
6503 4890
6504 4658
6505 7115
6506 9941
6507 7269
6508 7923
6509 1480
6510 6520
6511 -1
6512 -1
6513 -1
6514 -1
6515 -1
6516 -1
6517 6501
6518 2834
6519 8874
6520 -1
6521 4027
6522 -1
6523 5811
6524 5786
6525 2654
6526 -1
6527 -1
6528 -1
6529 -1
6530 -1
6531 -1
6532 5861
6533 -1
6534 6385
6535 -1
6536 4286
6537 -1
6538 -1
6539 -1
6540 3754
6541 2379
6542 -1
6543 -1
6544 6993
6545 -1
6546 1988
6547 -1
6548 -1
6549 -1
6550 9590
6551 7656
6552 5407
6553 -1
6554 -1
6555 -1
6556 -1
6557 -1
6558 2350
6559 -1
6560 -1
6561 -1
6562 -1
6563 1015
6564 8525
6565 -1
6566 -1
6567 -1
6568 -1
6569 -1
6570 -1
6571 -1
6572 6915
6573 -1
6574 -1
6575 -1
6576 3571
6577 -1
6578 -1
6579 -1
6580 7148
6581 6508
6582 -1
6583 6385
6584 6814
6585 -1
6586 1438
6587 -1
6588 -1
6589 -1
6590 -1
6591 -1
6592 -1
6593 6628
6594 -1
6595 -1
6596 -1
6597 -1
6598 -1
6599 4446
6600 1967
6601 4534
6602 1047
6603 -1
6604 -1
6605 6006
6606 -1
6607 1183
6608 -1
6609 -1
6610 8509
6611 -1
6612 -1
6613 1793
6614 4564
6615 -1
6616 811
6617 -1
6618 3627
6619 8665
6620 -1
6621 -1
6622 -1
6623 -1
6624 -1
6625 5693
6626 9450
6627 6697
6628 8706
6629 -1
6630 6303
6631 5195
6632 -1
6633 8762
6634 -1
6635 4493
6636 -1
6637 -1
6638 -1
6639 2722
6640 -1
6641 -1
6642 -1
6643 917
6644 5298
6645 -1
6646 -1
6647 -1
6648 597
6649 -1
6650 -1
6651 -1
6652 4873
6653 -1
6654 -1
6655 -1
6656 3961
6657 -1
6658 -1
6659 -1
6660 -1
6661 5976
6662 8985
6663 2370
6664 -1
6665 -1
6666 -1
6667 -1
6668 -1
6669 -1
6670 -1
6671 1728
6672 3028
6673 -1
6674 8010
6675 -1
6676 3502
6677 -1
6678 -1
6679 9198
6680 5416
6681 2893
6682 -1
6683 242
6684 -1
6685 -1
6686 -1
6687 3648
6688 6127
6689 7000
6690 -1
6691 -1
6692 -1
6693 -1
6694 -1
6695 -1
6696 -1
6697 915
6698 -1
6699 -1
6700 -1
6701 7910
6702 -1
6703 9332
6704 2743
6705 -1
6706 1694
6707 -1
6708 -1
6709 -1
6710 -1
6711 2808
6712 -1
6713 -1
6714 7316
6715 2095
6716 1566
6717 -1
6718 -1
6719 -1
6720 3836
6721 1410
6722 -1
6723 -1
6724 -1
6725 -1
6726 8492
6727 -1
6728 9536
6729 2057
6730 8469
6731 3591
6732 -1
6733 6505
6734 5022
6735 3644
6736 3131
6737 8260
6738 5178
6739 2201
6740 9515
6741 -1
6742 6870
6743 -1
6744 6816
6745 -1
6746 -1
6747 -1
6748 7228
6749 5144
6750 7833
6751 -1
6752 6882
6753 -1
6754 -1
6755 -1
6756 -1
6757 -1
6758 -1
6759 -1
6760 2289
6761 7616
6762 8570
6763 -1
6764 -1
6765 -1
6766 -1
6767 -1
6768 4374
6769 4855
6770 -1
6771 -1
6772 1527
6773 3394
6774 -1
6775 5419
6776 -1
6777 7711
6778 7270
6779 1540
6780 -1
6781 -1
6782 -1
6783 -1
6784 -1
6785 -1
6786 -1
6787 205
6788 -1
6789 4888
6790 -1
6791 -1
6792 -1
6793 -1
6794 -1
6795 -1
6796 -1
6797 -1
6798 2698
6799 -1
6800 -1
6801 -1
6802 -1
6803 -1
6804 -1
6805 1682
6806 -1
6807 -1
6808 -1
6809 -1
6810 -1
6811 2157
6812 -1
6813 4884
6814 8347
6815 -1
6816 3973
6817 1809
6818 -1
6819 -1
6820 -1
6821 -1
6822 -1
6823 -1
6824 261
6825 8692
6826 -1
6827 -1
6828 -1
6829 -1
6830 -1
6831 -1
6832 6384
6833 -1
6834 5408
6835 4987
6836 -1
6837 2633
6838 8915
6839 -1
6840 -1
6841 -1
6842 -1
6843 -1
6844 -1
6845 -1
6846 -1
6847 -1
6848 -1
6849 6610
6850 -1
6851 4740
6852 -1
6853 -1
6854 4543
6855 3455
6856 9486
6857 1053
6858 -1
6859 -1
6860 -1
6861 -1
6862 -1
6863 7913
6864 -1
6865 8048
6866 4291
6867 -1
6868 -1
6869 -1
6870 4667
6871 9424
6872 5501
6873 7808
6874 -1
6875 423
6876 -1
6877 -1
6878 -1
6879 -1
6880 -1
6881 -1
6882 1044
6883 -1
6884 3023
6885 5881
6886 -1
6887 -1
6888 -1
6889 -1
6890 9364
6891 6616
6892 -1
6893 2922
6894 1808
6895 8695
6896 -1
6897 -1
6898 7273
6899 -1
6900 5591
6901 -1
6902 -1
6903 -1
6904 4711
6905 -1
6906 -1
6907 -1
6908 -1
6909 -1
6910 4232
6911 -1
6912 -1
6913 -1
6914 -1
6915 -1
6916 -1
6917 -1
6918 3190
6919 744
6920 -1
6921 -1
6922 -1
6923 -1
6924 8515
6925 -1
6926 -1
6927 -1
6928 -1
6929 1305
6930 6955
6931 -1
6932 -1
6933 2506
6934 -1
6935 -1
6936 -1
6937 5009
6938 7562
6939 9352
6940 6872
6941 -1
6942 -1
6943 -1
6944 -1
6945 -1
6946 -1
6947 1024
6948 5780
6949 -1
6950 -1
6951 -1
6952 -1
6953 -1
6954 -1
6955 6996
6956 -1
6957 1162
6958 8244
6959 3981
6960 -1
6961 -1
6962 -1
6963 -1
6964 -1
6965 7979
6966 -1
6967 -1
6968 -1
6969 -1
6970 -1
6971 8699
6972 -1
6973 4290
6974 3851
6975 8852
6976 -1
6977 -1
6978 9260
6979 -1
6980 2208
6981 -1
6982 -1
6983 8069
6984 -1
6985 -1
6986 -1
6987 -1
6988 -1
6989 -1
6990 7941
6991 9628
6992 8991
6993 49
6994 2436
6995 -1
6996 4557
6997 7818
6998 9923
6999 -1
7000 2992
7001 -1
7002 -1
7003 1258
7004 5124
7005 3659
7006 -1
7007 -1
7008 -1
7009 -1
7010 -1
7011 6865
7012 -1
7013 7324
7014 6022
7015 2281
7016 -1
7017 -1
7018 -1
7019 -1
7020 8311
7021 -1
7022 -1
7023 -1
7024 -1
7025 -1
7026 -1
7027 -1
7028 -1
7029 5059
7030 -1
7031 -1
7032 -1
7033 -1
7034 -1
7035 -1
7036 7537
7037 -1
7038 -1
7039 -1
7040 -1
7041 2516
7042 -1
7043 -1
7044 -1
7045 1661
7046 2615
7047 -1
7048 -1
7049 8663
7050 5626
7051 -1
7052 -1
7053 -1
7054 -1
7055 -1
7056 -1
7057 -1
7058 -1
7059 -1
7060 -1
7061 7081
7062 8735
7063 1905
7064 -1
7065 4748
7066 -1
7067 -1
7068 -1
7069 6541
7070 2342
7071 -1
7072 9781
7073 -1
7074 -1
7075 -1
7076 2749
7077 -1
7078 -1
7079 9661
7080 4599
7081 1624
7082 5373
7083 6419
7084 1910
7085 1499
7086 4549
7087 -1
7088 -1
7089 8285
7090 -1
7091 -1
7092 -1
7093 -1
7094 -1
7095 -1
7096 -1
7097 2601
7098 -1
7099 -1
7100 -1
7101 -1
7102 -1
7103 8661
7104 5578
7105 -1
7106 4454
7107 4546
7108 -1
7109 1504
7110 -1
7111 895
7112 6435
7113 44
7114 -1
7115 6946
7116 -1
7117 -1
7118 -1
7119 4516
7120 9728
7121 4365
7122 1822
7123 1992
7124 -1
7125 6728
7126 -1
7127 -1
7128 8196
7129 -1
7130 -1
7131 9489
7132 -1
7133 5681
7134 -1
7135 317
7136 3917
7137 600
7138 -1
7139 -1
7140 -1
7141 -1
7142 9922
7143 3513
7144 -1
7145 -1
7146 9479
7147 3087
7148 -1
7149 -1
7150 2191
7151 -1
7152 9599
7153 9081
7154 -1
7155 -1
7156 -1
7157 -1
7158 -1
7159 -1
7160 9520
7161 -1
7162 -1
7163 9514
7164 -1
7165 -1
7166 -1
7167 -1
7168 -1
7169 -1
7170 -1
7171 1126
7172 -1
7173 2742
7174 -1
7175 -1
7176 -1
7177 5501
7178 -1
7179 -1
7180 -1
7181 -1
7182 -1
7183 4428
7184 5307
7185 3935
7186 -1
7187 -1
7188 -1
7189 -1
7190 3657
7191 -1
7192 -1
7193 2782
7194 2097
7195 -1
7196 -1
7197 6020
7198 -1
7199 -1
7200 -1
7201 -1
7202 -1
7203 -1
7204 9734
7205 -1
7206 -1
7207 8019
7208 1181
7209 -1
7210 -1
7211 -1
7212 -1
7213 -1
7214 -1
7215 -1
7216 -1
7217 7385
7218 4619
7219 -1
7220 -1
7221 8258
7222 -1
7223 -1
7224 -1
7225 2254
7226 310
7227 -1
7228 8517
7229 -1
7230 8012
7231 -1
7232 2969
7233 -1
7234 -1
7235 -1
7236 -1
7237 -1
7238 3925
7239 9580
7240 9013
7241 -1
7242 -1
7243 -1
7244 -1
7245 9357
7246 -1
7247 3661
7248 7501
7249 -1
7250 -1
7251 -1
7252 8710
7253 7875
7254 1200
7255 5945
7256 8961
7257 4329
7258 4143
7259 7434
7260 -1
7261 5154
7262 -1
7263 -1
7264 3895
7265 -1
7266 6211
7267 -1
7268 -1
7269 -1
7270 -1
7271 -1
7272 -1
7273 -1
7274 -1
7275 4032
7276 -1
7277 -1
7278 -1
7279 -1
7280 -1
7281 8832
7282 -1
7283 -1
7284 3907
7285 6918
7286 -1
7287 -1
7288 8129
7289 3900
7290 5251
7291 -1
7292 -1
7293 -1
7294 -1
7295 -1
7296 4553
7297 7245
7298 -1
7299 -1
7300 -1
7301 -1
7302 -1
7303 -1
7304 8877
7305 8440
7306 -1
7307 -1
7308 -1
7309 5436
7310 -1
7311 9225
7312 -1
7313 2278
7314 4067
7315 4606
7316 5092
7317 -1
7318 -1
7319 -1
7320 2557
7321 -1
7322 2090
7323 4121
7324 7443
7325 -1
7326 -1
7327 -1
7328 -1
7329 96
7330 -1
7331 -1
7332 -1
7333 -1
7334 -1
7335 -1
7336 7905
7337 -1
7338 -1
7339 -1
7340 -1
7341 -1
7342 -1
7343 -1
7344 -1
7345 -1
7346 761
7347 -1
7348 -1
7349 -1
7350 -1
7351 -1
7352 -1
7353 -1
7354 7631
7355 4883
7356 -1
7357 8266
7358 4470
7359 -1
7360 -1
7361 -1
7362 -1
7363 -1
7364 -1
7365 -1
7366 -1
7367 109
7368 -1
7369 -1
7370 5947
7371 -1
7372 -1
7373 -1
7374 2210
7375 -1
7376 -1
7377 -1
7378 -1
7379 -1
7380 -1
7381 8844
7382 -1
7383 3967
7384 520
7385 4947
7386 2953
7387 1894
7388 9798
7389 6484
7390 -1
7391 8765
7392 1720
7393 -1
7394 -1
7395 -1
7396 4927
7397 1399
7398 -1
7399 4156
7400 2257
7401 1260
7402 9232
7403 1895
7404 -1
7405 -1
7406 1170
7407 8901
7408 -1
7409 -1
7410 -1
7411 -1
7412 5760
7413 4310
7414 4859
7415 -1
7416 -1
7417 1143
7418 -1
7419 -1
7420 -1
7421 4504
7422 7386
7423 4167
7424 6227
7425 3568
7426 -1
7427 5088
7428 9470
7429 -1
7430 -1
7431 -1
7432 7804
7433 6857
7434 3182
7435 -1
7436 -1
7437 -1
7438 -1
7439 2767
7440 -1
7441 -1
7442 1869
7443 1872
7444 -1
7445 632
7446 -1
7447 4421
7448 571
7449 2128
7450 7106
7451 4368
7452 5544
7453 8592
7454 -1
7455 6375
7456 -1
7457 -1
7458 -1
7459 -1
7460 -1
7461 3476
7462 -1
7463 -1
7464 3593
7465 -1
7466 -1
7467 8667
7468 -1
7469 -1
7470 -1
7471 -1
7472 9966
7473 -1
7474 -1
7475 -1
7476 2415
7477 -1
7478 -1
7479 -1
7480 -1
7481 1091
7482 -1
7483 -1
7484 9464
7485 -1
7486 4968
7487 4203
7488 -1
7489 -1
7490 -1
7491 4858
7492 -1
7493 -1
7494 -1
7495 7785
7496 8062
7497 -1
7498 -1
7499 -1
7500 -1
7501 9281
7502 -1
7503 -1
7504 -1
7505 -1
7506 6855
7507 4203
7508 -1
7509 -1
7510 -1
7511 -1
7512 -1
7513 -1
7514 -1
7515 -1
7516 -1
7517 -1
7518 -1
7519 -1
7520 -1
7521 -1
7522 -1
7523 -1
7524 -1
7525 -1
7526 2640
7527 -1
7528 -1
7529 -1
7530 -1
7531 -1
7532 -1
7533 9594
7534 1513
7535 -1
7536 -1
7537 5608
7538 2174
7539 -1
7540 -1
7541 -1
7542 -1
7543 -1
7544 1272
7545 251
7546 4333
7547 -1
7548 9245
7549 -1
7550 -1
7551 -1
7552 1191
7553 -1
7554 -1
7555 9635
7556 -1
7557 -1
7558 -1
7559 -1
7560 -1
7561 9870
7562 -1
7563 -1
7564 -1
7565 -1
7566 -1
7567 -1
7568 3389
7569 -1
7570 -1
7571 -1
7572 -1
7573 -1
7574 -1
7575 4383
7576 3
7577 -1
7578 -1
7579 -1
7580 9875
7581 6630
7582 3951
7583 4794
7584 8776
7585 200
7586 7659
7587 9510
7588 547
7589 -1
7590 3615
7591 3585
7592 -1
7593 2870
7594 -1
7595 9712
7596 -1
7597 1194
7598 -1
7599 -1
7600 -1
7601 -1
7602 -1
7603 -1
7604 -1
7605 -1
7606 -1
7607 -1
7608 -1
7609 -1
7610 302
7611 -1
7612 -1
7613 -1
7614 -1
7615 7700
7616 2551
7617 3414
7618 -1
7619 4800
7620 -1
7621 -1
7622 -1
7623 6106
7624 6665
7625 -1
7626 417
7627 4343
7628 -1
7629 -1
7630 -1
7631 4014
7632 -1
7633 3810
7634 -1
7635 -1
7636 4166
7637 -1
7638 7846
7639 -1
7640 -1
7641 -1
7642 -1
7643 -1
7644 -1
7645 1489
7646 -1
7647 6572
7648 -1
7649 -1
7650 -1
7651 -1
7652 -1
7653 -1
7654 -1
7655 6164
7656 2304
7657 3505
7658 1216
7659 5733
7660 1980
7661 4924
7662 -1
7663 -1
7664 -1
7665 -1
7666 -1
7667 -1
7668 3393
7669 3725
7670 -1
7671 -1
7672 -1
7673 -1
7674 -1
7675 -1
7676 -1
7677 -1
7678 -1
7679 -1
7680 -1
7681 -1
7682 -1
7683 4410
7684 -1
7685 -1
7686 9647
7687 -1
7688 -1
7689 -1
7690 -1
7691 -1
7692 396
7693 3573
7694 -1
7695 -1
7696 -1
7697 -1
7698 7879
7699 9378
7700 8640
7701 -1
7702 -1
7703 -1
7704 6648
7705 5589
7706 -1
7707 -1
7708 143
7709 3169
7710 5190
7711 221
7712 -1
7713 -1
7714 8247
7715 9106
7716 -1
7717 9231
7718 -1
7719 3321
7720 -1
7721 5488
7722 903
7723 -1
7724 -1
7725 -1
7726 -1
7727 -1
7728 -1
7729 -1
7730 -1
7731 -1
7732 -1
7733 -1
7734 -1
7735 -1
7736 -1
7737 -1
7738 -1
7739 -1
7740 -1
7741 -1
7742 -1
7743 -1
7744 -1
7745 -1
7746 9868
7747 2967
7748 4998
7749 -1
7750 1084
7751 -1
7752 -1
7753 -1
7754 -1
7755 -1
7756 -1
7757 -1
7758 964
7759 -1
7760 2015
7761 4761
7762 365
7763 5995
7764 -1
7765 -1
7766 -1
7767 -1
7768 1251
7769 -1
7770 -1
7771 -1
7772 -1
7773 6327
7774 721
7775 -1
7776 -1
7777 -1
7778 -1
7779 -1
7780 -1
7781 5973
7782 9932
7783 9820
7784 887
7785 5957
7786 -1
7787 171
7788 3202
7789 -1
7790 4366
7791 7374
7792 -1
7793 -1
7794 -1
7795 -1
7796 7231
7797 -1
7798 1923
7799 9830
7800 -1
7801 8024
7802 7136
7803 -1
7804 6137
7805 7072
7806 -1
7807 1653
7808 5980
7809 -1
7810 -1
7811 -1
7812 -1
7813 -1
7814 9557
7815 -1
7816 -1
7817 -1
7818 9798
7819 -1
7820 -1
7821 -1
7822 -1
7823 -1
7824 3567
7825 376
7826 9097
7827 1727
7828 -1
7829 4637
7830 -1
7831 -1
7832 -1
7833 -1
7834 -1
7835 -1
7836 -1
7837 9101
7838 -1
7839 -1
7840 -1
7841 -1
7842 8729
7843 -1
7844 6220
7845 8738
7846 1243
7847 6851
7848 8123
7849 6482
7850 -1
7851 491
7852 3811
7853 8263
7854 -1
7855 6225
7856 8807
7857 5698
7858 -1
7859 4097
7860 142
7861 -1
7862 -1
7863 1273
7864 -1
7865 1347
7866 633
7867 9026
7868 -1
7869 3024
7870 -1
7871 9243
7872 -1
7873 -1
7874 7936
7875 7448
7876 8284
7877 4028
7878 7396
7879 6437
7880 -1
7881 -1
7882 9538
7883 -1
7884 7079
7885 -1
7886 -1
7887 3562
7888 -1
7889 -1
7890 -1
7891 -1
7892 -1
7893 2124
7894 -1
7895 7748
7896 -1
7897 -1
7898 -1
7899 -1
7900 -1
7901 5792
7902 9744
7903 -1
7904 2294
7905 3376
7906 902
7907 -1
7908 -1
7909 -1
7910 9498
7911 -1
7912 826
7913 7876
7914 4786
7915 -1
7916 -1
7917 -1
7918 -1
7919 -1
7920 -1
7921 -1
7922 524
7923 3680
7924 -1
7925 1412
7926 7063
7927 -1
7928 8274
7929 180
7930 -1
7931 -1
7932 -1
7933 -1
7934 -1
7935 1033
7936 9295
7937 -1
7938 -1
7939 1834
7940 1356
7941 8863
7942 962
7943 6348
7944 6708
7945 -1
7946 -1
7947 6663
7948 9043
7949 -1
7950 -1
7951 -1
7952 -1
7953 -1
7954 5720
7955 -1
7956 -1
7957 7199
7958 3624
7959 1458
7960 64
7961 4808
7962 -1
7963 -1
7964 4110
7965 -1
7966 -1
7967 -1
7968 399
7969 9876
7970 -1
7971 -1
7972 7006
7973 -1
7974 -1
7975 -1
7976 -1
7977 -1
7978 -1
7979 6182
7980 395
7981 -1
7982 -1
7983 -1
7984 -1
7985 -1
7986 -1
7987 3042
7988 9784
7989 8076
7990 -1
7991 -1
7992 2431
7993 3138
7994 2325
7995 1868
7996 -1
7997 9041
7998 -1
7999 -1
8000 4792
8001 -1
8002 6088
8003 -1
8004 -1
8005 -1
8006 -1
8007 -1
8008 962
8009 -1
8010 4499
8011 5369
8012 988
8013 8635
8014 1761
8015 1407
8016 5093
8017 1442
8018 -1
8019 116
8020 -1
8021 -1
8022 -1
8023 2887
8024 8549
8025 9066
8026 3052
8027 -1
8028 2918
8029 7618
8030 1554
8031 6980
8032 6962
8033 1966
8034 -1
8035 6394
8036 5866
8037 -1
8038 -1
8039 6838
8040 -1
8041 9563
8042 642
8043 -1
8044 -1
8045 673
8046 -1
8047 4924
8048 3083
8049 8382
8050 8615
8051 8402
8052 1855
8053 6940
8054 -1
8055 -1
8056 5011
8057 -1
8058 -1
8059 -1
8060 -1
8061 -1
8062 882
8063 -1
8064 -1
8065 -1
8066 6262
8067 -1
8068 -1
8069 6961
8070 -1
8071 -1
8072 7238
8073 -1
8074 -1
8075 6204
8076 6312
8077 -1
8078 -1
8079 -1
8080 4411
8081 -1
8082 -1
8083 -1
8084 8277
8085 209
8086 -1
8087 -1
8088 -1
8089 4605
8090 -1
8091 -1
8092 -1
8093 1664
8094 3807
8095 2779
8096 7513
8097 9897
8098 -1
8099 -1
8100 -1
8101 -1
8102 -1
8103 -1
8104 1167
8105 2868
8106 -1
8107 -1
8108 7171
8109 931
8110 -1
8111 -1
8112 1719
8113 -1
8114 -1
8115 -1
8116 9299
8117 -1
8118 -1
8119 -1
8120 -1
8121 5541
8122 4913
8123 8763
8124 -1
8125 757
8126 8066
8127 7112
8128 -1
8129 1035
8130 -1
8131 -1
8132 8113
8133 9735
8134 -1
8135 -1
8136 -1
8137 -1
8138 -1
8139 8295
8140 -1
8141 -1
8142 6298
8143 -1
8144 -1
8145 25
8146 4668
8147 -1
8148 5300
8149 -1
8150 3819
8151 -1
8152 -1
8153 6825
8154 -1
8155 -1
8156 -1
8157 9062
8158 -1
8159 -1
8160 -1
8161 -1
8162 6198
8163 6288
8164 1195
8165 4440
8166 -1
8167 -1
8168 -1
8169 -1
8170 -1
8171 -1
8172 2711
8173 4662
8174 7865
8175 -1
8176 5969
8177 -1
8178 4807
8179 -1
8180 -1
8181 -1
8182 -1
8183 4039
8184 -1
8185 -1
8186 107
8187 -1
8188 -1
8189 -1
8190 -1
8191 -1
8192 -1
8193 -1
8194 -1
8195 -1
8196 5459
8197 1986
8198 68
8199 5495
8200 9793
8201 -1
8202 -1
8203 -1
8204 5641
8205 6951
8206 -1
8207 818
8208 -1
8209 -1
8210 -1
8211 -1
8212 -1
8213 709
8214 -1
8215 -1
8216 6036
8217 -1
8218 -1
8219 -1
8220 -1
8221 -1
8222 -1
8223 6049
8224 -1
8225 -1
8226 -1
8227 -1
8228 7408
8229 -1
8230 -1
8231 5435
8232 191
8233 3661
8234 8889
8235 -1
8236 8256
8237 8148
8238 -1
8239 -1
8240 5401
8241 -1
8242 -1
8243 -1
8244 124
8245 -1
8246 6038
8247 4
8248 7400
8249 -1
8250 7285
8251 5409
8252 6054
8253 6602
8254 -1
8255 -1
8256 -1
8257 -1
8258 3491
8259 -1
8260 4054
8261 2923
8262 421
8263 9279
8264 -1
8265 -1
8266 3178
8267 487
8268 6379
8269 4377
8270 6045
8271 9296
8272 882
8273 276
8274 9369
8275 8134
8276 2017
8277 -1
8278 -1
8279 -1
8280 -1
8281 5779
8282 910
8283 2466
8284 5160
8285 -1
8286 9581
8287 -1
8288 -1
8289 -1
8290 -1
8291 -1
8292 -1
8293 -1
8294 -1
8295 1733
8296 6674
8297 -1
8298 -1
8299 9819
8300 -1
8301 -1
8302 -1
8303 -1
8304 -1
8305 6509
8306 5321
8307 9921
8308 720
8309 2670
8310 4259
8311 8146
8312 -1
8313 -1
8314 -1
8315 3837
8316 -1
8317 -1
8318 -1
8319 -1
8320 -1
8321 -1
8322 -1
8323 -1
8324 -1
8325 -1
8326 -1
8327 3581
8328 5847
8329 -1
8330 4266
8331 -1
8332 -1
8333 -1
8334 -1
8335 -1
8336 1220
8337 -1
8338 -1
8339 2751
8340 -1
8341 -1
8342 -1
8343 2927
8344 3325
8345 -1
8346 -1
8347 8216
8348 -1
8349 -1
8350 -1
8351 -1
8352 -1
8353 8487
8354 1360
8355 -1
8356 -1
8357 -1
8358 3047
8359 3788
8360 8163
8361 -1
8362 -1
8363 4242
8364 -1
8365 5816
8366 -1
8367 -1
8368 6309
8369 -1
8370 -1
8371 -1
8372 -1
8373 -1
8374 -1
8375 -1
8376 -1
8377 8365
8378 5202
8379 -1
8380 -1
8381 2904
8382 8561
8383 1209
8384 -1
8385 121
8386 -1
8387 -1
8388 -1
8389 -1
8390 -1
8391 -1
8392 -1
8393 8828
8394 -1
8395 -1
8396 6540
8397 -1
8398 -1
8399 -1
8400 1631
8401 4416
8402 818
8403 -1
8404 -1
8405 -1
8406 -1
8407 -1
8408 -1
8409 9841
8410 9150
8411 508
8412 117
8413 4891
8414 2853
8415 4885
8416 870
8417 7842
8418 8354
8419 2489
8420 9600
8421 8994
8422 -1
8423 -1
8424 8207
8425 9078
8426 -1
8427 -1
8428 -1
8429 -1
8430 626
8431 6689
8432 -1
8433 3374
8434 -1
8435 -1
8436 -1
8437 6990
8438 1546
8439 -1
8440 8008
8441 7013
8442 -1
8443 -1
8444 -1
8445 -1
8446 -1
8447 1299
8448 -1
8449 -1
8450 -1
8451 -1
8452 -1
8453 -1
8454 -1
8455 -1
8456 -1
8457 2425
8458 7791
8459 8479
8460 -1
8461 -1
8462 -1
8463 -1
8464 -1
8465 -1
8466 -1
8467 -1
8468 -1
8469 9899
8470 -1
8471 2665
8472 5834
8473 -1
8474 -1
8475 -1
8476 4844
8477 -1
8478 -1
8479 2283
8480 5231
8481 783
8482 -1
8483 -1
8484 -1
8485 -1
8486 -1
8487 9461
8488 -1
8489 -1
8490 -1
8491 -1
8492 4367
8493 -1
8494 -1
8495 -1
8496 -1
8497 -1
8498 -1
8499 -1
8500 -1
8501 -1
8502 -1
8503 -1
8504 -1
8505 -1
8506 -1
8507 -1
8508 -1
8509 1662
8510 -1
8511 -1
8512 -1
8513 -1
8514 7774
8515 5006
8516 9079
8517 7086
8518 8675
8519 -1
8520 7590
8521 2622
8522 -1
8523 9945
8524 7476
8525 1757
8526 -1
8527 -1
8528 -1
8529 -1
8530 -1
8531 5981
8532 -1
8533 -1
8534 -1
8535 1813
8536 4892
8537 -1
8538 -1
8539 7309
8540 -1
8541 -1
8542 6201
8543 4978
8544 -1
8545 -1
8546 -1
8547 -1
8548 -1
8549 4666
8550 8213
8551 2764
8552 -1
8553 -1
8554 1412
8555 3207
8556 -1
8557 -1
8558 -1
8559 -1
8560 -1
8561 -1
8562 -1
8563 -1
8564 -1
8565 -1
8566 9733
8567 8909
8568 8132
8569 -1
8570 7546
8571 -1
8572 -1
8573 -1
8574 1866
8575 8002
8576 -1
8577 -1
8578 -1
8579 -1
8580 -1
8581 -1
8582 3959
8583 -1
8584 -1
8585 4201
8586 8566
8587 9568
8588 6031
8589 3383
8590 -1
8591 9046
8592 466
8593 -1
8594 7940
8595 -1
8596 1698
8597 -1
8598 -1
8599 -1
8600 1950
8601 9964
8602 2782
8603 8890
8604 4261
8605 -1
8606 -1
8607 4558
8608 -1
8609 -1
8610 -1
8611 -1
8612 -1
8613 -1
8614 7155
8615 6893
8616 -1
8617 7358
8618 -1
8619 -1
8620 -1
8621 1466
8622 7595
8623 8410
8624 8431
8625 -1
8626 4713
8627 -1
8628 -1
8629 -1
8630 4687
8631 4779
8632 3330
8633 7779
8634 -1
8635 8981
8636 -1
8637 -1
8638 -1
8639 8953
8640 1205
8641 -1
8642 -1
8643 8630
8644 -1
8645 -1
8646 -1
8647 -1
8648 -1
8649 -1
8650 -1
8651 -1
8652 -1
8653 258
8654 -1
8655 -1
8656 -1
8657 -1
8658 -1
8659 8327
8660 9018
8661 7097
8662 9946
8663 3987
8664 -1
8665 884
8666 -1
8667 1576
8668 -1
8669 -1
8670 -1
8671 6891
8672 -1
8673 2916
8674 -1
8675 7421
8676 7003
8677 3084
8678 8108
8679 34
8680 -1
8681 185
8682 -1
8683 9409
8684 8516
8685 -1
8686 -1
8687 -1
8688 -1
8689 768
8690 -1
8691 -1
8692 3553
8693 -1
8694 -1
8695 4177
8696 -1
8697 8333
8698 -1
8699 9816
8700 -1
8701 -1
8702 -1
8703 -1
8704 2381
8705 -1
8706 -1
8707 6429
8708 -1
8709 -1
8710 2237
8711 -1
8712 -1
8713 -1
8714 9156
8715 4046
8716 -1
8717 -1
8718 -1
8719 5201
8720 2264
8721 -1
8722 -1
8723 5239
8724 -1
8725 5476
8726 -1
8727 -1
8728 -1
8729 8205
8730 -1
8731 -1
8732 -1
8733 1679
8734 -1
8735 3141
8736 -1
8737 7432
8738 1363
8739 5634
8740 -1
8741 3368
8742 960
8743 4092
8744 -1
8745 -1
8746 -1
8747 4327
8748 2172
8749 -1
8750 9404
8751 -1
8752 -1
8753 -1
8754 -1
8755 6027
8756 -1
8757 -1
8758 4861
8759 -1
8760 2400
8761 -1
8762 3720
8763 5123
8764 -1
8765 680
8766 6735
8767 -1
8768 -1
8769 5232
8770 1381
8771 -1
8772 -1
8773 -1
8774 -1
8775 7943
8776 739
8777 8281
8778 9463
8779 -1
8780 -1
8781 8881
8782 -1
8783 -1
8784 -1
8785 2488
8786 1558
8787 -1
8788 -1
8789 -1
8790 3601
8791 -1
8792 1450
8793 3517
8794 4176
8795 7827
8796 9780
8797 -1
8798 1189
8799 -1
8800 -1
8801 -1
8802 -1
8803 -1
8804 -1
8805 7218
8806 8602
8807 6631
8808 5936
8809 1612
8810 -1
8811 -1
8812 -1
8813 -1
8814 8043
8815 -1
8816 -1
8817 -1
8818 -1
8819 8032
8820 -1
8821 3756
8822 7329
8823 -1
8824 -1
8825 -1
8826 -1
8827 2443
8828 6044
8829 -1
8830 -1
8831 -1
8832 -1
8833 -1
8834 -1
8835 -1
8836 -1
8837 -1
8838 -1
8839 -1
8840 1729
8841 -1
8842 687
8843 -1
8844 4434
8845 -1
8846 -1
8847 -1
8848 -1
8849 2974
8850 6219
8851 3013
8852 4620
8853 9629
8854 -1
8855 -1
8856 3098
8857 -1
8858 -1
8859 9328
8860 -1
8861 -1
8862 -1
8863 2941
8864 -1
8865 7427
8866 -1
8867 -1
8868 -1
8869 6030
8870 -1
8871 -1
8872 -1
8873 8421
8874 -1
8875 -1
8876 3085
8877 7297
8878 -1
8879 187
8880 -1
8881 6518
8882 -1
8883 176
8884 -1
8885 -1
8886 -1
8887 4916
8888 435
8889 -1
8890 9198
8891 -1
8892 -1
8893 -1
8894 -1
8895 -1
8896 -1
8897 9308
8898 -1
8899 -1
8900 -1
8901 1873
8902 -1
8903 -1
8904 -1
8905 6760
8906 -1
8907 -1
8908 5327
8909 -1
8910 6475
8911 3124
8912 -1
8913 -1
8914 1989
8915 1223
8916 4997
8917 -1
8918 -1
8919 9547
8920 -1
8921 -1
8922 -1
8923 -1
8924 -1
8925 -1
8926 3823
8927 1678
8928 4135
8929 -1
8930 3658
8931 6619
8932 6504
8933 -1
8934 -1
8935 -1
8936 -1
8937 -1
8938 -1
8939 5866
8940 41
8941 -1
8942 -1
8943 -1
8944 -1
8945 -1
8946 -1
8947 -1
8948 -1
8949 -1
8950 -1
8951 -1
8952 1599
8953 4172
8954 -1
8955 -1
8956 -1
8957 -1
8958 -1
8959 8600
8960 7254
8961 932
8962 -1
8963 -1
8964 -1
8965 9893
8966 -1
8967 -1
8968 -1
8969 -1
8970 -1
8971 -1
8972 -1
8973 -1
8974 -1
8975 -1
8976 -1
8977 -1
8978 -1
8979 -1
8980 -1
8981 298
8982 -1
8983 -1
8984 95
8985 4398
8986 1771
8987 -1
8988 -1
8989 -1
8990 -1
8991 -1
8992 -1
8993 9183
8994 -1
8995 -1
8996 1579
8997 -1
8998 -1
8999 -1
9000 980
9001 4993
9002 9260
9003 -1
9004 -1
9005 -1
9006 -1
9007 -1
9008 -1
9009 -1
9010 462
9011 4211
9012 8240
9013 8834
9014 -1
9015 -1
9016 -1
9017 8660
9018 4668
9019 7660
9020 6488
9021 -1
9022 -1
9023 -1
9024 -1
9025 3320
9026 6029
9027 -1
9028 -1
9029 -1
9030 -1
9031 -1
9032 -1
9033 -1
9034 1174
9035 -1
9036 -1
9037 -1
9038 -1
9039 -1
9040 -1
9041 2018
9042 -1
9043 2770
9044 5014
9045 6265
9046 3793
9047 -1
9048 5098
9049 -1
9050 -1
9051 -1
9052 -1
9053 -1
9054 -1
9055 -1
9056 9073
9057 -1
9058 -1
9059 -1
9060 -1
9061 -1
9062 303
9063 1222
9064 -1
9065 9470
9066 3874
9067 5562
9068 -1
9069 -1
9070 9798
9071 -1
9072 6510
9073 1735
9074 -1
9075 -1
9076 1518
9077 -1
9078 2564
9079 -1
9080 -1
9081 6383
9082 -1
9083 4681
9084 -1
9085 6022
9086 -1
9087 -1
9088 -1
9089 -1
9090 2268
9091 -1
9092 -1
9093 -1
9094 -1
9095 6098
9096 -1
9097 -1
9098 -1
9099 -1
9100 -1
9101 1384
9102 7951
9103 -1
9104 -1
9105 -1
9106 8368
9107 -1
9108 4042
9109 -1
9110 9513
9111 -1
9112 -1
9113 5968
9114 3017
9115 2658
9116 -1
9117 -1
9118 -1
9119 -1
9120 -1
9121 -1
9122 -1
9123 -1
9124 -1
9125 -1
9126 -1
9127 -1
9128 6910
9129 7422
9130 4538
9131 -1
9132 -1
9133 -1
9134 -1
9135 -1
9136 5778
9137 -1
9138 -1
9139 6483
9140 7415
9141 -1
9142 -1
9143 -1
9144 -1
9145 -1
9146 8433
9147 -1
9148 -1
9149 4840
9150 9719
9151 9827
9152 2198
9153 -1
9154 -1
9155 -1
9156 -1
9157 -1
9158 -1
9159 4233
9160 1449
9161 -1
9162 -1
9163 -1
9164 -1
9165 -1
9166 4793
9167 -1
9168 -1
9169 4784
9170 -1
9171 -1
9172 -1
9173 -1
9174 -1
9175 7144
9176 -1
9177 -1
9178 9365
9179 -1
9180 -1
9181 363
9182 -1
9183 6503
9184 -1
9185 3434
9186 7581
9187 -1
9188 -1
9189 -1
9190 -1
9191 -1
9192 -1
9193 -1
9194 -1
9195 5324
9196 1847
9197 9313
9198 2287
9199 -1
9200 743
9201 5612
9202 -1
9203 -1
9204 -1
9205 -1
9206 -1
9207 8974
9208 -1
9209 -1
9210 -1
9211 -1
9212 -1
9213 -1
9214 -1
9215 -1
9216 -1
9217 448
9218 6849
9219 -1
9220 4734
9221 -1
9222 -1
9223 1748
9224 3507
9225 3927
9226 -1
9227 9686
9228 -1
9229 6415
9230 1951
9231 7583
9232 -1
9233 -1
9234 -1
9235 -1
9236 -1
9237 9421
9238 -1
9239 -1
9240 -1
9241 -1
9242 -1
9243 219
9244 -1
9245 4409
9246 186
9247 5539
9248 182
9249 -1
9250 -1
9251 -1
9252 -1
9253 -1
9254 -1
9255 7296
9256 4192
9257 -1
9258 1296
9259 8755
9260 737
9261 -1
9262 -1
9263 -1
9264 -1
9265 -1
9266 -1
9267 3512
9268 -1
9269 3870
9270 -1
9271 1285
9272 -1
9273 8678
9274 418
9275 5048
9276 1141
9277 -1
9278 -1
9279 163
9280 -1
9281 -1
9282 -1
9283 -1
9284 -1
9285 -1
9286 -1
9287 -1
9288 -1
9289 -1
9290 9218
9291 -1
9292 -1
9293 -1
9294 5281
9295 5581
9296 1853
9297 6009
9298 3646
9299 173
9300 3771
9301 9373
9302 4218
9303 -1
9304 4356
9305 -1
9306 8814
9307 321
9308 -1
9309 -1
9310 -1
9311 -1
9312 -1
9313 3032
9314 -1
9315 -1
9316 -1
9317 9879
9318 -1
9319 -1
9320 -1
9321 -1
9322 -1
9323 -1
9324 -1
9325 1114
9326 -1
9327 -1
9328 3842
9329 1871
9330 -1
9331 9874
9332 3046
9333 702
9334 7763
9335 -1
9336 1393
9337 -1
9338 6456
9339 -1
9340 -1
9341 9418
9342 -1
9343 -1
9344 7610
9345 -1
9346 -1
9347 -1
9348 -1
9349 -1
9350 -1
9351 -1
9352 8867
9353 -1
9354 -1
9355 4561
9356 -1
9357 6120
9358 1137
9359 7304
9360 2431
9361 9524
9362 2280
9363 -1
9364 522
9365 8793
9366 9082
9367 5401
9368 5734
9369 1997
9370 -1
9371 -1
9372 9721
9373 7701
9374 -1
9375 -1
9376 -1
9377 -1
9378 7065
9379 -1
9380 -1
9381 -1
9382 -1
9383 -1
9384 -1
9385 -1
9386 -1
9387 -1
9388 2911
9389 -1
9390 -1
9391 -1
9392 5296
9393 -1
9394 -1
9395 -1
9396 -1
9397 -1
9398 -1
9399 -1
9400 -1
9401 9509
9402 -1
9403 -1
9404 6733
9405 -1
9406 -1
9407 2408
9408 -1
9409 1423
9410 -1
9411 -1
9412 3142
9413 4871
9414 3782
9415 -1
9416 1949
9417 6544
9418 9896
9419 6643
9420 7596
9421 -1
9422 5967
9423 346
9424 7597
9425 4536
9426 -1
9427 -1
9428 -1
9429 5090
9430 -1
9431 -1
9432 -1
9433 -1
9434 -1
9435 -1
9436 -1
9437 -1
9438 3395
9439 1610
9440 4055
9441 -1
9442 -1
9443 -1
9444 5358
9445 -1
9446 -1
9447 5551
9448 9834
9449 -1
9450 609
9451 4057
9452 -1
9453 7158
9454 2745
9455 -1
9456 -1
9457 -1
9458 6063
9459 2960
9460 9610
9461 5356
9462 2452
9463 6354
9464 7113
9465 -1
9466 -1
9467 -1
9468 4035
9469 880
9470 4654
9471 -1
9472 -1
9473 -1
9474 1371
9475 -1
9476 -1
9477 -1
9478 -1
9479 9036
9480 -1
9481 -1
9482 -1
9483 7714
9484 -1
9485 -1
9486 5819
9487 1852
9488 -1
9489 9146
9490 -1
9491 -1
9492 8977
9493 -1
9494 -1
9495 -1
9496 -1
9497 6462
9498 4124
9499 -1
9500 -1
9501 -1
9502 -1
9503 4004
9504 -1
9505 -1
9506 -1
9507 -1
9508 7838
9509 7433
9510 3156
9511 1696
9512 5064
9513 -1
9514 1628
9515 -1
9516 -1
9517 -1
9518 8744
9519 9361
9520 3445
9521 -1
9522 -1
9523 -1
9524 1064
9525 -1
9526 -1
9527 6750
9528 -1
9529 -1
9530 -1
9531 -1
9532 -1
9533 -1
9534 -1
9535 -1
9536 5827
9537 -1
9538 -1
9539 7184
9540 -1
9541 -1
9542 -1
9543 4109
9544 -1
9545 -1
9546 7526
9547 2263
9548 5473
9549 9651
9550 -1
9551 -1
9552 7387
9553 -1
9554 -1
9555 6184
9556 -1
9557 3610
9558 -1
9559 -1
9560 -1
9561 6834
9562 4498
9563 9857
9564 -1
9565 -1
9566 -1
9567 -1
9568 3756
9569 6679
9570 -1
9571 -1
9572 -1
9573 -1
9574 -1
9575 7869
9576 -1
9577 -1
9578 3759
9579 -1
9580 7137
9581 6983
9582 -1
9583 -1
9584 -1
9585 -1
9586 -1
9587 -1
9588 4075
9589 110
9590 7845
9591 -1
9592 9065
9593 -1
9594 5563
9595 -1
9596 9942
9597 3433
9598 5653
9599 568
9600 2586
9601 5705
9602 -1
9603 973
9604 -1
9605 4669
9606 -1
9607 -1
9608 -1
9609 -1
9610 5912
9611 -1
9612 -1
9613 2766
9614 -1
9615 9459
9616 -1
9617 -1
9618 -1
9619 -1
9620 823
9621 -1
9622 -1
9623 -1
9624 -1
9625 -1
9626 -1
9627 9453
9628 2429
9629 5029
9630 -1
9631 -1
9632 -1
9633 -1
9634 -1
9635 3944
9636 -1
9637 -1
9638 -1
9639 -1
9640 -1
9641 -1
9642 -1
9643 -1
9644 -1
9645 -1
9646 8939
9647 5655
9648 -1
9649 9274
9650 -1
9651 9684
9652 6314
9653 -1
9654 3097
9655 -1
9656 7961
9657 -1
9658 -1
9659 -1
9660 5707
9661 3196
9662 1210
9663 7656
9664 -1
9665 -1
9666 8344
9667 9732
9668 3969
9669 -1
9670 -1
9671 -1
9672 -1
9673 -1
9674 -1
9675 -1
9676 5222
9677 -1
9678 8042
9679 -1
9680 2356
9681 -1
9682 -1
9683 -1
9684 7939
9685 1096
9686 -1
9687 7877
9688 -1
9689 498
9690 4947
9691 -1
9692 -1
9693 -1
9694 8109
9695 2632
9696 -1
9697 -1
9698 -1
9699 -1
9700 -1
9701 -1
9702 -1
9703 -1
9704 -1
9705 -1
9706 -1
9707 -1
9708 -1
9709 -1
9710 4379
9711 -1
9712 -1
9713 -1
9714 -1
9715 8447
9716 -1
9717 5528
9718 -1
9719 4086
9720 5011
9721 9681
9722 -1
9723 4702
9724 -1
9725 -1
9726 -1
9727 -1
9728 -1
9729 -1
9730 -1
9731 -1
9732 6451
9733 2063
9734 8075
9735 8940
9736 -1
9737 -1
9738 -1
9739 -1
9740 -1
9741 7786
9742 -1
9743 -1
9744 6740
9745 -1
9746 -1
9747 -1
9748 1120
9749 -1
9750 4011
9751 -1
9752 7926
9753 1585
9754 -1
9755 -1
9756 6938
9757 -1
9758 -1
9759 -1
9760 -1
9761 -1
9762 -1
9763 -1
9764 -1
9765 -1
9766 -1
9767 -1
9768 -1
9769 -1
9770 -1
9771 -1
9772 -1
9773 -1
9774 -1
9775 8743
9776 140
9777 498
9778 160
9779 -1
9780 9272
9781 3071
9782 -1
9783 9702
9784 3711
9785 -1
9786 -1
9787 -1
9788 -1
9789 3755
9790 7320
9791 -1
9792 -1
9793 3818
9794 -1
9795 -1
9796 -1
9797 -1
9798 6992
9799 -1
9800 -1
9801 4272
9802 9255
9803 -1
9804 -1
9805 7783
9806 1865
9807 -1
9808 8016
9809 -1
9810 625
9811 -1
9812 -1
9813 -1
9814 -1
9815 -1
9816 7992
9817 6856
9818 8689
9819 -1
9820 5588
9821 1295
9822 -1
9823 -1
9824 3930
9825 -1
9826 -1
9827 5082
9828 -1
9829 2255
9830 137
9831 -1
9832 -1
9833 656
9834 -1
9835 -1
9836 7082
9837 -1
9838 -1
9839 -1
9840 -1
9841 4227
9842 -1
9843 -1
9844 -1
9845 -1
9846 -1
9847 -1
9848 7288
9849 -1
9850 -1
9851 -1
9852 2082
9853 -1
9854 1496
9855 -1
9856 -1
9857 -1
9858 -1
9859 -1
9860 9304
9861 2301
9862 8514
9863 -1
9864 -1
9865 -1
9866 -1
9867 -1
9868 -1
9869 -1
9870 4537
9871 6425
9872 -1
9873 3069
9874 7439
9875 6229
9876 1706
9877 -1
9878 4495
9879 -1
9880 4244
9881 -1
9882 -1
9883 -1
9884 -1
9885 -1
9886 -1
9887 -1
9888 -1
9889 -1
9890 -1
9891 5836
9892 6636
9893 2306
9894 570
9895 -1
9896 -1
9897 4059
9898 3637
9899 8121
9900 4180
9901 -1
9902 -1
9903 2258
9904 301
9905 -1
9906 -1
9907 -1
9908 9610
9909 6811
9910 -1
9911 2220
9912 -1
9913 -1
9914 -1
9915 5735
9916 -1
9917 -1
9918 -1
9919 986
9920 1100
9921 9248
9922 2577
9923 8385
9924 -1
9925 7617
9926 -1
9927 1928
9928 3492
9929 -1
9930 -1
9931 -1
9932 3317
9933 -1
9934 -1
9935 -1
9936 -1
9937 6873
9938 6256
9939 3164
9940 792
9941 3751
9942 9757
9943 -1
9944 907
9945 4060
9946 5977
9947 -1
9948 1685
9949 1010
9950 3234
9951 2786
9952 -1
9953 -1
9954 -1
9955 -1
9956 4759
9957 560
9958 9320
9959 -1
9960 -1
9961 9748
9962 2073
9963 -1
9964 8201
9965 -1
9966 -1
9967 -1
9968 854
9969 -1
9970 983
9971 4204
9972 -1
9973 -1
9974 -1
9975 -1
9976 -1
9977 -1
9978 -1
9979 -1
9980 -1
9981 -1
9982 -1
9983 -1
9984 -1
9985 -1
9986 2773
9987 -1
9988 -1
9989 -1
9990 -1
9991 -1
9992 -1
9993 -1
9994 -1
9995 -1
9996 -1
9997 -1
9998 -1
9999 -1
